,date,quarter,department,day,team,targeted_productivity,smv,wip,over_time,incentive,idle_time,idle_men,no_of_style_change,no_of_workers,actual_productivity,quarter_cat,day_Monday,day_Saturday,day_Sunday,day_Thursday,day_Tuesday,day_Wednesday
0,1/1/2015,Quarter1,sweing,Thursday,8,0.8,26.16,1108.0,7080,98,0.0,0,0,59.0,0.940725424,1,0,0,0,1,0,0
2,1/1/2015,Quarter1,sweing,Thursday,11,0.8,11.41,968.0,3660,50,0.0,0,0,30.5,0.800570492,1,0,0,0,1,0,0
3,1/1/2015,Quarter1,sweing,Thursday,12,0.8,11.41,968.0,3660,50,0.0,0,0,30.5,0.800570492,1,0,0,0,1,0,0
4,1/1/2015,Quarter1,sweing,Thursday,6,0.8,25.9,1170.0,1920,50,0.0,0,0,56.0,0.800381944,1,0,0,0,1,0,0
5,1/1/2015,Quarter1,sweing,Thursday,7,0.8,25.9,984.0,6720,38,0.0,0,0,56.0,0.800125,1,0,0,0,1,0,0
7,1/1/2015,Quarter1,sweing,Thursday,3,0.75,28.08,795.0,6900,45,0.0,0,0,57.5,0.753683478,1,0,0,0,1,0,0
8,1/1/2015,Quarter1,sweing,Thursday,2,0.75,19.87,733.0,6000,34,0.0,0,0,55.0,0.753097531,1,0,0,0,1,0,0
9,1/1/2015,Quarter1,sweing,Thursday,1,0.75,28.08,681.0,6900,45,0.0,0,0,57.5,0.750427826,1,0,0,0,1,0,0
10,1/1/2015,Quarter1,sweing,Thursday,9,0.7,28.08,872.0,6900,44,0.0,0,0,57.5,0.721126957,1,0,0,0,1,0,0
11,1/1/2015,Quarter1,sweing,Thursday,10,0.75,19.31,578.0,6480,45,0.0,0,0,54.0,0.712205247,1,0,0,0,1,0,0
12,1/1/2015,Quarter1,sweing,Thursday,5,0.8,11.41,668.0,3660,50,0.0,0,0,30.5,0.707045902,1,0,0,0,1,0,0
17,1/1/2015,Quarter1,sweing,Thursday,4,0.65,23.69,861.0,7200,0,0.0,0,0,60.0,0.52118,1,0,0,0,1,0,0
24,1/3/2015,Quarter1,sweing,Saturday,1,0.8,28.08,772.0,6300,50,0.0,0,0,56.5,0.800725314,1,0,1,0,0,0,0
25,1/3/2015,Quarter1,sweing,Saturday,3,0.8,28.08,913.0,6540,50,0.0,0,0,54.5,0.800322936,1,0,1,0,0,0,0
26,1/3/2015,Quarter1,sweing,Saturday,8,0.8,26.16,1261.0,7080,50,0.0,0,0,59.0,0.800318644,1,0,1,0,0,0,0
27,1/3/2015,Quarter1,sweing,Saturday,12,0.8,26.16,844.0,7080,63,0.0,0,0,59.0,0.800318644,1,0,1,0,0,0,0
28,1/3/2015,Quarter1,sweing,Saturday,11,0.8,11.61,1005.0,7080,50,0.0,0,0,29.5,0.800237288,1,0,1,0,0,0,0
29,1/3/2015,Quarter1,sweing,Saturday,5,0.8,11.61,659.0,7080,50,0.0,0,0,31.5,0.800148649,1,0,1,0,0,0,0
30,1/3/2015,Quarter1,sweing,Saturday,6,0.8,25.9,1152.0,6720,50,0.0,0,0,56.0,0.800125,1,0,1,0,0,0,0
31,1/3/2015,Quarter1,sweing,Saturday,7,0.8,25.9,1138.0,6720,38,0.0,0,0,56.0,0.800125,1,0,1,0,0,0,0
32,1/3/2015,Quarter1,sweing,Saturday,10,0.75,19.31,610.0,6480,56,0.0,0,0,54.0,0.787299691,1,0,1,0,0,0,0
34,1/3/2015,Quarter1,sweing,Saturday,2,0.75,19.87,944.0,6600,45,0.0,0,0,55.0,0.75024303,1,0,1,0,0,0,0
36,1/3/2015,Quarter1,sweing,Saturday,4,0.7,23.69,544.0,13800,0,0.0,0,0,60.0,0.700134038,1,0,1,0,0,0,0
37,1/3/2015,Quarter1,sweing,Saturday,9,0.7,28.08,1072.0,6900,40,0.0,0,0,57.5,0.699965217,1,0,1,0,0,0,0
43,1/4/2015,Quarter1,sweing,Sunday,6,0.8,11.61,539.0,6975,50,0.0,0,0,31.0,0.879714482,1,0,0,1,0,0,0
45,1/4/2015,Quarter1,sweing,Sunday,9,0.8,26.16,1278.0,7080,60,0.0,0,0,59.0,0.850569492,1,0,0,1,0,0,0
46,1/4/2015,Quarter1,sweing,Sunday,7,0.8,25.9,1227.0,7020,60,0.0,0,0,56.5,0.850436438,1,0,0,1,0,0,0
47,1/4/2015,Quarter1,sweing,Sunday,8,0.8,25.9,1039.0,6780,45,0.0,0,0,56.5,0.850345133,1,0,0,1,0,0,0
48,1/4/2015,Quarter1,sweing,Sunday,4,0.8,28.08,878.0,4260,50,0.0,0,0,55.5,0.800598058,1,0,0,1,0,0,0
49,1/4/2015,Quarter1,sweing,Sunday,1,0.8,26.16,1033.0,7080,63,0.0,0,0,59.0,0.800318644,1,0,0,1,0,0,0
50,1/4/2015,Quarter1,sweing,Sunday,2,0.8,28.08,782.0,6660,50,0.0,0,0,55.5,0.800237838,1,0,0,1,0,0,0
51,1/4/2015,Quarter1,sweing,Sunday,12,0.8,11.61,1216.0,6975,50,0.0,0,0,31.0,0.800030199,1,0,0,1,0,0,0
54,1/4/2015,Quarter1,sweing,Sunday,11,0.75,19.31,513.0,6480,45,0.0,0,0,54.0,0.750348457,1,0,0,1,0,0,0
55,1/4/2015,Quarter1,sweing,Sunday,3,0.75,19.87,734.0,6600,45,0.0,0,0,55.0,0.75024303,1,0,0,1,0,0,0
56,1/4/2015,Quarter1,sweing,Sunday,10,0.7,28.08,1202.0,6900,40,0.0,0,0,57.5,0.699965217,1,0,0,1,0,0,0
59,1/4/2015,Quarter1,sweing,Sunday,5,0.7,45.67,884.0,6960,26,0.0,0,0,58.0,0.603432184,1,0,0,1,0,0,0
65,1/5/2015,Quarter1,sweing,Monday,9,0.8,26.16,1227.0,7080,75,0.0,0,0,59.0,0.850569492,1,1,0,0,0,0,0
68,1/5/2015,Quarter1,sweing,Monday,7,0.8,25.9,1255.0,6780,50,0.0,0,0,56.5,0.800684366,1,1,0,0,0,0,0
69,1/5/2015,Quarter1,sweing,Monday,8,0.8,25.9,1047.0,6780,38,0.0,0,0,56.5,0.800684366,1,1,0,0,0,0,0
70,1/5/2015,Quarter1,sweing,Monday,1,0.8,26.16,1138.0,7080,63,0.0,0,0,59.0,0.800318644,1,1,0,0,0,0,0
71,1/5/2015,Quarter1,sweing,Monday,11,0.8,19.31,678.0,4800,50,0.0,0,0,55.0,0.800250962,1,1,0,0,0,0,0
72,1/5/2015,Quarter1,sweing,Monday,6,0.8,11.61,712.0,7200,50,0.0,0,0,32.0,0.800246011,1,1,0,0,0,0,0
73,1/5/2015,Quarter1,sweing,Monday,12,0.8,11.61,1037.0,7200,50,0.0,0,0,32.0,0.800246011,1,1,0,0,0,0,0
74,1/5/2015,Quarter1,sweing,Monday,2,0.8,28.08,757.0,6900,50,0.0,0,0,57.5,0.800076522,1,1,0,0,0,0,0
75,1/5/2015,Quarter1,sweing,Monday,4,0.8,28.08,759.0,6900,50,0.0,0,0,57.5,0.800076522,1,1,0,0,0,0,0
78,1/5/2015,Quarter1,sweing,Monday,10,0.75,28.08,1083.0,7020,45,0.0,0,0,58.5,0.7504,1,1,0,0,0,0,0
79,1/5/2015,Quarter1,sweing,Monday,3,0.75,19.87,944.0,6600,45,0.0,0,0,55.0,0.75024303,1,1,0,0,0,0,0
82,1/5/2015,Quarter1,sweing,Monday,5,0.6,21.98,666.0,6960,23,0.0,0,0,58.0,0.600028736,1,1,0,0,0,0,0
88,1/6/2015,Quarter1,sweing,Tuesday,1,0.8,26.16,1187.0,10620,75,0.0,0,0,59.0,0.850502311,1,0,0,0,0,1,0
89,1/6/2015,Quarter1,sweing,Tuesday,9,0.8,26.16,1305.0,10620,75,0.0,0,0,59.0,0.850502311,1,0,0,0,0,1,0
92,1/6/2015,Quarter1,sweing,Tuesday,2,0.8,28.08,716.0,10350,50,0.0,0,0,57.5,0.800594466,1,0,0,0,0,1,0
93,1/6/2015,Quarter1,sweing,Tuesday,4,0.8,28.08,925.0,10350,50,0.0,0,0,57.5,0.800594466,1,0,0,0,0,1,0
94,1/6/2015,Quarter1,sweing,Tuesday,3,0.8,19.87,963.0,9900,50,0.0,0,0,55.0,0.800273829,1,0,0,0,0,1,0
95,1/6/2015,Quarter1,sweing,Tuesday,12,0.8,11.61,1101.0,5310,50,0.0,0,0,31.5,0.800140969,1,0,0,0,0,1,0
96,1/6/2015,Quarter1,sweing,Tuesday,7,0.8,25.9,1035.0,10170,38,0.0,0,0,56.5,0.800128721,1,0,0,0,0,1,0
97,1/6/2015,Quarter1,sweing,Tuesday,8,0.8,25.9,1083.0,10170,38,0.0,0,0,56.5,0.800128721,1,0,0,0,0,1,0
98,1/6/2015,Quarter1,sweing,Tuesday,6,0.8,11.61,910.0,4470,38,0.0,0,0,31.5,0.80007657,1,0,0,0,0,1,0
99,1/6/2015,Quarter1,sweing,Tuesday,10,0.75,28.08,1209.0,10530,45,0.0,0,0,58.5,0.750545455,1,0,0,0,0,1,0
100,1/6/2015,Quarter1,sweing,Tuesday,11,0.75,19.31,590.0,9900,45,0.0,0,0,55.0,0.750057851,1,0,0,0,0,1,0
102,1/6/2015,Quarter1,sweing,Tuesday,5,0.65,21.98,808.0,10440,35,0.0,0,0,58.0,0.649983281,1,0,0,0,0,1,0
106,1/7/2015,Quarter1,sweing,Wednesday,1,0.8,26.16,1179.0,10620,75,0.0,0,0,59.0,0.850502311,1,0,0,0,0,0,1
107,1/7/2015,Quarter1,sweing,Wednesday,9,0.8,26.16,1324.0,10620,75,0.0,0,0,59.0,0.850502311,1,0,0,0,0,0,1
108,1/7/2015,Quarter1,sweing,Wednesday,8,0.8,25.9,1135.0,10170,60,0.0,0,0,56.5,0.850136766,1,0,0,0,0,0,1
114,1/7/2015,Quarter1,sweing,Wednesday,2,0.8,28.08,776.0,10350,63,0.0,0,0,57.5,0.800594466,1,0,0,0,0,0,1
115,1/7/2015,Quarter1,sweing,Wednesday,4,0.8,28.08,990.0,10350,50,0.0,0,0,57.5,0.800594466,1,0,0,0,0,0,1
116,1/7/2015,Quarter1,sweing,Wednesday,6,0.8,11.41,986.0,5490,50,0.0,0,0,30.5,0.800343766,1,0,0,0,0,0,1
117,1/7/2015,Quarter1,sweing,Wednesday,3,0.8,19.87,924.0,9900,50,0.0,0,0,55.0,0.800273829,1,0,0,0,0,0,1
118,1/7/2015,Quarter1,sweing,Wednesday,12,0.8,11.61,1120.0,5670,50,0.0,0,0,31.5,0.800246753,1,0,0,0,0,0,1
119,1/7/2015,Quarter1,sweing,Wednesday,7,0.8,25.9,1066.0,10170,50,0.0,0,0,56.5,0.800128721,1,0,0,0,0,0,1
120,1/7/2015,Quarter1,sweing,Wednesday,10,0.75,28.08,1144.0,10530,69,0.0,0,0,58.5,0.8,1,0,0,0,0,0,1
121,1/7/2015,Quarter1,sweing,Wednesday,5,0.7,21.98,413.0,9720,40,0.0,0,0,58.0,0.700480831,1,0,0,0,0,0,1
124,1/7/2015,Quarter1,sweing,Wednesday,11,0.8,31.83,568.0,9900,40,0.0,0,0,55.0,0.412119835,1,0,0,0,0,0,1
128,1/8/2015,Quarter2,sweing,Thursday,9,0.8,26.16,1216.0,10620,88,0.0,0,0,59.0,0.900215716,2,0,0,0,1,0,0
130,1/8/2015,Quarter2,sweing,Thursday,1,0.8,26.16,1189.0,10620,75,0.0,0,0,59.0,0.850502311,2,0,0,0,1,0,0
131,1/8/2015,Quarter2,sweing,Thursday,4,0.8,28.08,942.0,10530,75,0.0,0,0,58.5,0.850181818,2,0,0,0,1,0,0
132,1/8/2015,Quarter2,sweing,Thursday,7,0.8,25.9,1050.0,10170,60,0.0,0,0,56.5,0.850136766,2,0,0,0,1,0,0
133,1/8/2015,Quarter2,sweing,Thursday,8,0.8,25.9,1026.0,10170,60,0.0,0,0,56.5,0.850136766,2,0,0,0,1,0,0
136,1/8/2015,Quarter2,sweing,Thursday,2,0.8,28.08,783.0,10050,63,0.0,0,0,58.5,0.800497246,2,0,0,0,1,0,0
137,1/8/2015,Quarter2,sweing,Thursday,3,0.8,19.87,857.0,9900,50,0.0,0,0,55.0,0.800273829,2,0,0,0,1,0,0
138,1/8/2015,Quarter2,sweing,Thursday,12,0.8,11.61,548.0,15120,63,0.0,0,0,31.5,0.800107143,2,0,0,0,1,0,0
139,1/8/2015,Quarter2,sweing,Thursday,6,0.8,11.41,411.0,14640,50,0.0,0,0,30.5,0.800024932,2,0,0,0,1,0,0
140,1/8/2015,Quarter2,sweing,Thursday,10,0.75,28.08,1066.0,10530,69,0.0,0,0,58.5,0.8,2,0,0,0,1,0,0
146,1/8/2015,Quarter2,sweing,Thursday,11,0.35,12.52,287.0,25920,38,0.0,0,0,54.0,0.349951389,2,0,0,0,1,0,0
147,1/8/2015,Quarter2,sweing,Thursday,5,0.7,42.41,724.0,10260,0,0.0,0,0,57.0,0.233705476,2,0,0,0,1,0,0
152,1/10/2015,Quarter2,sweing,Saturday,9,0.8,26.16,1122.0,10620,75,0.0,0,0,59.0,0.851174114,2,0,1,0,0,0,0
153,1/10/2015,Quarter2,sweing,Saturday,7,0.8,25.9,970.0,10170,60,0.0,0,0,56.5,0.850136766,2,0,1,0,0,0,0
154,1/10/2015,Quarter2,sweing,Saturday,8,0.8,25.9,1158.0,10170,60,0.0,0,0,56.5,0.850136766,2,0,1,0,0,0,0
158,1/10/2015,Quarter2,sweing,Saturday,4,0.8,28.08,660.0,10440,63,0.0,0,0,58.0,0.801028213,2,0,1,0,0,0,0
159,1/10/2015,Quarter2,sweing,Saturday,2,0.8,28.08,749.0,10350,63,0.0,0,0,57.5,0.800594466,2,0,1,0,0,0,0
160,1/10/2015,Quarter2,sweing,Saturday,12,0.8,11.61,893.0,4710,50,0.0,0,0,31.5,0.800346445,2,0,1,0,0,0,0
161,1/10/2015,Quarter2,sweing,Saturday,6,0.8,11.41,887.0,5490,50,0.0,0,0,30.5,0.800343766,2,0,1,0,0,0,0
162,1/10/2015,Quarter2,sweing,Saturday,1,0.8,26.16,1335.0,10620,63,0.0,0,0,59.0,0.800117103,2,0,1,0,0,0,0
163,1/10/2015,Quarter2,sweing,Saturday,10,0.8,28.08,1082.0,10530,63,0.0,0,0,58.5,0.8,2,0,1,0,0,0,0
164,1/10/2015,Quarter2,sweing,Saturday,3,0.75,19.87,1075.0,7080,45,0.0,0,0,56.0,0.750098351,2,0,1,0,0,0,0
165,1/10/2015,Quarter2,sweing,Saturday,11,0.5,12.52,749.0,9540,38,0.0,0,0,53.0,0.673245283,2,0,1,0,0,0,0
168,1/10/2015,Quarter2,sweing,Saturday,5,0.5,20.79,966.0,7680,0,0.0,0,0,56.0,0.388007813,2,0,1,0,0,0,0
172,1/11/2015,Quarter2,sweing,Sunday,9,0.8,26.16,1095.0,10620,88,0.0,0,0,59.0,0.900215716,2,0,0,1,0,0,0
175,1/11/2015,Quarter2,sweing,Sunday,1,0.8,26.16,1383.0,10620,75,0.0,0,0,59.0,0.850502311,2,0,0,1,0,0,0
176,1/11/2015,Quarter2,sweing,Sunday,7,0.8,25.9,1012.0,10170,45,0.0,0,0,56.5,0.850136766,2,0,0,1,0,0,0
177,1/11/2015,Quarter2,sweing,Sunday,8,0.8,25.9,1209.0,10170,60,0.0,0,0,56.5,0.850136766,2,0,0,1,0,0,0
180,1/11/2015,Quarter2,sweing,Sunday,6,0.8,11.41,887.0,5490,50,0.0,0,0,30.5,0.800343766,2,0,0,1,0,0,0
181,1/11/2015,Quarter2,sweing,Sunday,12,0.8,11.61,896.0,5670,50,0.0,0,0,31.5,0.800246753,2,0,0,1,0,0,0
182,1/11/2015,Quarter2,sweing,Sunday,2,0.8,28.08,805.0,10530,63,0.0,0,0,58.5,0.8,2,0,0,1,0,0,0
183,1/11/2015,Quarter2,sweing,Sunday,10,0.8,28.08,762.0,10530,38,0.0,0,0,58.5,0.8,2,0,0,1,0,0,0
184,1/11/2015,Quarter2,sweing,Sunday,3,0.8,19.87,1043.0,6420,0,0.0,0,0,55.0,0.690182815,2,0,0,1,0,0,0
188,1/11/2015,Quarter2,sweing,Sunday,11,0.6,12.52,831.0,9540,30,0.0,0,0,53.0,0.600229846,2,0,0,1,0,0,0
191,1/11/2015,Quarter2,sweing,Sunday,4,0.8,50.48,562.0,10440,0,0.0,0,0,58.0,0.473134796,2,0,0,1,0,0,0
192,1/11/2015,Quarter2,sweing,Sunday,5,0.6,20.79,1208.0,7980,0,0.0,0,0,57.0,0.452979626,2,0,0,1,0,0,0
198,1/12/2015,Quarter2,sweing,Monday,1,0.8,26.16,1099.0,8220,75,0.0,0,0,59.0,0.850522167,2,1,0,0,0,0,0
199,1/12/2015,Quarter2,sweing,Monday,9,0.8,26.16,1093.0,10620,75,0.0,0,0,59.0,0.850502311,2,1,0,0,0,0,0
200,1/12/2015,Quarter2,sweing,Monday,7,0.8,25.9,1031.0,10170,60,0.0,0,0,56.5,0.850136766,2,1,0,0,0,0,0
201,1/12/2015,Quarter2,sweing,Monday,8,0.8,25.9,1233.0,10170,60,0.0,0,0,56.5,0.850136766,2,1,0,0,0,0,0
204,1/12/2015,Quarter2,sweing,Monday,3,0.8,19.87,941.0,9900,0,0.0,0,0,55.0,0.800273829,2,1,0,0,0,0,0
205,1/12/2015,Quarter2,sweing,Monday,6,0.8,11.41,843.0,5670,50,0.0,0,0,31.5,0.800181818,2,1,0,0,0,0,0
206,1/12/2015,Quarter2,sweing,Monday,12,0.8,11.61,760.0,4470,50,0.0,0,0,31.5,0.80007657,2,1,0,0,0,0,0
207,1/12/2015,Quarter2,sweing,Monday,2,0.8,28.08,737.0,10530,63,0.0,0,0,58.5,0.8,2,1,0,0,0,0,0
209,1/12/2015,Quarter2,sweing,Monday,10,0.8,50.48,381.0,6930,45,0.0,0,0,58.5,0.688557555,2,1,0,0,0,0,0
210,1/12/2015,Quarter2,sweing,Monday,5,0.65,20.79,1141.0,8460,0,0.0,0,0,59.0,0.650040783,2,1,0,0,0,0,0
211,1/12/2015,Quarter2,sweing,Monday,11,0.65,12.52,1004.0,9540,44,0.0,0,0,53.0,0.64998056,2,1,0,0,0,0,0
214,1/12/2015,Quarter2,sweing,Monday,4,0.35,22.4,581.0,7350,0,0.0,0,0,51.5,0.35063299,2,1,0,0,0,0,0
221,1/13/2015,Quarter2,sweing,Tuesday,1,0.8,26.16,1073.0,10620,75,0.0,0,0,59.0,0.850502311,2,0,0,0,0,1,0
222,1/13/2015,Quarter2,sweing,Tuesday,9,0.8,26.16,1156.0,10620,75,0.0,0,0,59.0,0.850502311,2,0,0,0,0,1,0
223,1/13/2015,Quarter2,sweing,Tuesday,8,0.8,25.9,1211.0,10260,60,0.0,0,0,57.0,0.850252525,2,0,0,0,0,1,0
224,1/13/2015,Quarter2,sweing,Tuesday,7,0.8,25.9,1126.0,10170,60,0.0,0,0,56.5,0.850136766,2,0,0,0,0,1,0
227,1/13/2015,Quarter2,sweing,Tuesday,6,0.8,11.61,1004.0,5670,50,0.0,0,0,31.5,0.800246753,2,0,0,0,0,1,0
228,1/13/2015,Quarter2,sweing,Tuesday,12,0.8,11.61,1063.0,5670,50,0.0,0,0,31.5,0.800246753,2,0,0,0,0,1,0
229,1/13/2015,Quarter2,sweing,Tuesday,2,0.8,28.08,723.0,10530,50,0.0,0,0,58.5,0.8,2,0,0,0,0,1,0
230,1/13/2015,Quarter2,sweing,Tuesday,3,0.8,42.27,465.0,9900,54,0.0,0,0,55.0,0.705576584,2,0,0,0,0,1,0
234,1/13/2015,Quarter2,sweing,Tuesday,11,0.7,27.13,530.0,9540,37,0.0,0,0,53.0,0.582301029,2,0,0,0,0,1,0
235,1/13/2015,Quarter2,sweing,Tuesday,5,0.7,20.79,1297.0,10440,0,0.0,0,0,58.0,0.526810345,2,0,0,0,0,1,0
236,1/13/2015,Quarter2,sweing,Tuesday,4,0.5,22.4,783.0,10170,23,0.0,0,0,56.5,0.500380799,2,0,0,0,0,1,0
237,1/13/2015,Quarter2,sweing,Tuesday,10,0.35,22.4,715.0,10170,23,0.0,0,0,56.5,0.35020649,2,0,0,0,0,1,0
240,1/14/2015,Quarter2,sweing,Wednesday,7,0.8,25.9,1150.0,10170,70,0.0,0,0,56.5,0.900144811,2,0,0,0,0,0,1
244,1/14/2015,Quarter2,sweing,Wednesday,9,0.8,26.16,1232.0,10620,75,0.0,0,0,59.0,0.850502311,2,0,0,0,0,0,1
245,1/14/2015,Quarter2,sweing,Wednesday,8,0.8,25.9,1218.0,10170,60,0.0,0,0,56.5,0.850136766,2,0,0,0,0,0,1
248,1/14/2015,Quarter2,sweing,Wednesday,12,0.8,11.61,1159.0,2970,50,0.0,0,0,31.5,0.800313433,2,0,0,0,0,0,1
249,1/14/2015,Quarter2,sweing,Wednesday,6,0.8,11.61,972.0,5670,38,0.0,0,0,31.5,0.800246753,2,0,0,0,0,0,1
250,1/14/2015,Quarter2,sweing,Wednesday,1,0.8,26.16,1092.0,10620,63,0.0,0,0,59.0,0.800117103,2,0,0,0,0,0,1
251,1/14/2015,Quarter2,sweing,Wednesday,5,0.7,20.79,965.0,7320,0,0.0,0,0,58.0,0.700095563,2,0,0,0,0,0,1
253,1/14/2015,Quarter2,sweing,Wednesday,4,0.6,22.4,816.0,5100,23,0.0,0,0,57.0,0.600369686,2,0,0,0,0,0,1
254,1/14/2015,Quarter2,sweing,Wednesday,10,0.5,22.4,947.0,3390,23,0.0,0,0,56.5,0.499980334,2,0,0,0,0,0,1
255,1/14/2015,Quarter2,sweing,Wednesday,11,0.35,14.61,838.0,7200,23,0.0,0,0,55.0,0.35003125,2,0,0,0,0,0,1
257,1/14/2015,Quarter2,sweing,Wednesday,2,0.8,51.02,1086.0,4260,27,0.0,0,0,57.0,0.311207464,2,0,0,0,0,0,1
264,1/15/2015,Quarter3,sweing,Thursday,1,0.8,26.16,1160.0,10620,75,0.0,0,0,59.0,0.850502311,2,0,0,0,1,0,0
265,1/15/2015,Quarter3,sweing,Thursday,8,0.8,25.9,1177.0,8970,60,0.0,0,0,56.5,0.850415628,2,0,0,0,1,0,0
266,1/15/2015,Quarter3,sweing,Thursday,7,0.8,25.9,1281.0,10170,60,0.0,0,0,56.5,0.850136766,2,0,0,0,1,0,0
267,1/15/2015,Quarter3,sweing,Thursday,9,0.8,26.16,1369.0,10620,63,0.0,0,0,59.0,0.800117103,2,0,0,0,1,0,0
268,1/15/2015,Quarter3,sweing,Thursday,6,0.8,11.61,1084.0,4950,38,0.0,0,0,31.5,0.80003139,2,0,0,0,1,0,0
269,1/15/2015,Quarter3,sweing,Thursday,12,0.8,11.61,1216.0,4950,50,0.0,0,0,31.5,0.80003139,2,0,0,0,1,0,0
270,1/15/2015,Quarter3,sweing,Thursday,5,0.7,20.79,391.0,10440,0,0.0,0,0,58.0,0.700060345,2,0,0,0,1,0,0
272,1/15/2015,Quarter3,sweing,Thursday,3,0.5,22.52,1102.0,10170,30,0.0,0,0,56.5,0.660683293,2,0,0,0,1,0,0
273,1/15/2015,Quarter3,sweing,Thursday,4,0.65,22.52,872.0,10080,26,0.0,0,0,56.0,0.650130952,2,0,0,0,1,0,0
275,1/15/2015,Quarter3,sweing,Thursday,10,0.6,22.52,1076.0,10170,23,0.0,0,0,56.5,0.600291767,2,0,0,0,1,0,0
276,1/15/2015,Quarter3,sweing,Thursday,11,0.5,14.89,917.0,9900,30,0.0,0,0,55.0,0.500025069,2,0,0,0,1,0,0
277,1/15/2015,Quarter3,sweing,Thursday,2,0.5,22.94,1044.0,9810,23,0.0,0,0,54.5,0.499998888,2,0,0,0,1,0,0
283,1/17/2015,Quarter3,sweing,Saturday,6,0.8,11.41,1067.0,5490,63,0.0,0,0,30.5,0.800343766,2,0,1,0,0,0,0
284,1/17/2015,Quarter3,sweing,Saturday,12,0.8,11.61,1039.0,5670,63,0.0,0,0,31.5,0.800246753,2,0,1,0,0,0,0
285,1/17/2015,Quarter3,sweing,Saturday,7,0.8,25.9,1396.0,10170,50,0.0,0,0,56.5,0.800128721,2,0,1,0,0,0,0
286,1/17/2015,Quarter3,sweing,Saturday,8,0.8,25.9,1292.0,10170,50,0.0,0,0,56.5,0.800128721,2,0,1,0,0,0,0
287,1/17/2015,Quarter3,sweing,Saturday,1,0.8,48.68,171.0,10620,63,0.0,0,0,59.0,0.800117103,2,0,1,0,0,0,0
288,1/17/2015,Quarter3,sweing,Saturday,9,0.8,26.16,1128.0,10620,63,0.0,0,0,59.0,0.800117103,2,0,1,0,0,0,0
289,1/17/2015,Quarter3,sweing,Saturday,2,0.6,22.94,865.0,6570,23,0.0,0,0,56.5,0.77011398,2,0,1,0,0,0,0
290,1/17/2015,Quarter3,sweing,Saturday,4,0.7,22.52,825.0,10170,50,0.0,0,0,56.5,0.7005417,2,0,1,0,0,0,0
293,1/17/2015,Quarter3,sweing,Saturday,10,0.65,22.52,1163.0,9720,35,0.0,0,0,54.0,0.650198653,2,0,1,0,0,0,0
294,1/17/2015,Quarter3,sweing,Saturday,3,0.6,22.52,1140.0,10170,30,0.0,0,0,56.5,0.600291767,2,0,1,0,0,0,0
295,1/17/2015,Quarter3,sweing,Saturday,11,0.6,14.89,1027.0,10080,38,0.0,0,0,56.0,0.600273268,2,0,1,0,0,0,0
297,1/17/2015,Quarter3,sweing,Saturday,5,0.7,41.19,1052.0,10440,21,0.0,0,0,58.0,0.452012539,2,0,1,0,0,0,0
302,1/18/2015,Quarter3,sweing,Sunday,6,0.8,11.41,1140.0,5490,63,0.0,0,0,30.5,0.800343766,2,0,0,1,0,0,0
303,1/18/2015,Quarter3,sweing,Sunday,7,0.8,48.84,624.0,10170,50,0.0,0,0,56.5,0.800128721,2,0,0,1,0,0,0
304,1/18/2015,Quarter3,sweing,Sunday,8,0.8,25.9,1288.0,10170,38,0.0,0,0,56.5,0.800128721,2,0,0,1,0,0,0
305,1/18/2015,Quarter3,sweing,Sunday,9,0.8,26.16,1381.0,3660,50,0.0,0,0,59.0,0.800015009,2,0,0,1,0,0,0
306,1/18/2015,Quarter3,sweing,Sunday,4,0.7,22.52,882.0,10170,50,0.0,0,0,56.5,0.7005417,2,0,0,1,0,0,0
307,1/18/2015,Quarter3,sweing,Sunday,10,0.7,22.52,1002.0,10080,40,0.0,0,0,56.0,0.700094156,2,0,0,1,0,0,0
309,1/18/2015,Quarter3,sweing,Sunday,12,0.8,26.87,585.0,5670,56,0.0,0,0,31.5,0.662255892,2,0,0,1,0,0,0
310,1/18/2015,Quarter3,sweing,Sunday,3,0.65,22.52,1138.0,10170,35,0.0,0,0,56.5,0.650416734,2,0,0,1,0,0,0
311,1/18/2015,Quarter3,sweing,Sunday,11,0.65,14.89,1140.0,10260,44,0.0,0,0,57.0,0.650299575,2,0,0,1,0,0,0
312,1/18/2015,Quarter3,sweing,Sunday,2,0.65,22.94,1025.0,10170,26,0.0,0,0,56.5,0.650243497,2,0,0,1,0,0,0
314,1/18/2015,Quarter3,sweing,Sunday,5,0.6,20.4,1031.0,10440,30,0.0,0,0,58.0,0.600062696,2,0,0,1,0,0,0
316,1/18/2015,Quarter3,sweing,Sunday,1,0.8,49.1,1381.0,10350,24,0.0,0,0,57.5,0.403242161,2,0,0,1,0,0,0
321,1/19/2015,Quarter3,sweing,Monday,6,0.8,11.41,1028.0,4380,50,0.0,0,0,31.0,0.800358775,2,1,0,0,0,0,0
322,1/19/2015,Quarter3,sweing,Monday,8,0.8,25.9,1380.0,3630,50,0.0,0,0,56.5,0.800162602,2,1,0,0,0,0,0
323,1/19/2015,Quarter3,sweing,Monday,9,0.8,26.16,1196.0,10620,63,0.0,0,0,59.0,0.800117103,2,1,0,0,0,0,0
325,1/19/2015,Quarter3,sweing,Monday,2,0.7,22.94,1006.0,10170,38,0.0,0,0,56.5,0.750517565,2,1,0,0,0,0,0
326,1/19/2015,Quarter3,sweing,Monday,4,0.7,22.52,930.0,10260,63,0.0,0,0,57.0,0.750068049,2,1,0,0,0,0,0
327,1/19/2015,Quarter3,sweing,Monday,3,0.7,22.52,1095.0,10170,50,0.0,0,0,56.5,0.750062751,2,1,0,0,0,0,0
328,1/19/2015,Quarter3,sweing,Monday,10,0.7,22.52,938.0,10080,63,0.0,0,0,56.0,0.750057359,2,1,0,0,0,0,0
329,1/19/2015,Quarter3,sweing,Monday,11,0.7,14.89,1484.0,10260,50,0.0,0,0,57.0,0.700170388,2,1,0,0,0,0,0
331,1/19/2015,Quarter3,sweing,Monday,5,0.65,20.4,1255.0,8280,35,0.0,0,0,58.0,0.650066445,2,1,0,0,0,0,0
332,1/19/2015,Quarter3,sweing,Monday,7,0.8,48.84,1040.0,10260,30,0.0,0,0,57.0,0.576460393,2,1,0,0,0,0,0
333,1/19/2015,Quarter3,sweing,Monday,1,0.5,22.94,1492.0,10170,30,0.0,0,0,56.5,0.549969429,2,1,0,0,0,0,0
336,1/19/2015,Quarter3,sweing,Monday,12,0.35,15.26,1111.0,6120,23,0.0,0,0,34.0,0.35021836,2,1,0,0,0,0,0
338,1/20/2015,Quarter3,sweing,Tuesday,6,0.8,11.41,1047.0,5580,63,0.0,0,0,31.0,0.800261486,2,0,0,0,0,1,0
339,1/20/2015,Quarter3,sweing,Tuesday,8,0.8,25.9,1434.0,10170,50,0.0,0,0,56.5,0.800128721,2,0,0,0,0,1,0
340,1/20/2015,Quarter3,sweing,Tuesday,9,0.8,26.16,399.0,10620,63,0.0,0,0,59.0,0.800117103,2,0,0,0,0,1,0
341,1/20/2015,Quarter3,sweing,Tuesday,4,0.7,22.52,983.0,10260,63,0.0,0,0,57.0,0.750068049,2,0,0,0,0,1,0
342,1/20/2015,Quarter3,sweing,Tuesday,10,0.7,22.52,1108.0,10080,63,0.0,0,0,56.0,0.750057359,2,0,0,0,0,1,0
343,1/20/2015,Quarter3,sweing,Tuesday,3,0.7,22.52,1134.0,8460,50,0.0,0,0,57.0,0.750037968,2,0,0,0,0,1,0
344,1/20/2015,Quarter3,sweing,Tuesday,2,0.7,22.94,1363.0,10260,50,0.0,0,0,57.0,0.750031898,2,0,0,0,0,1,0
346,1/20/2015,Quarter3,sweing,Tuesday,11,0.7,14.89,1501.0,10260,50,0.0,0,0,57.0,0.700170388,2,0,0,0,0,1,0
347,1/20/2015,Quarter3,sweing,Tuesday,5,0.7,20.4,1352.0,10260,50,0.0,0,0,57.0,0.700063796,2,0,0,0,0,1,0
349,1/20/2015,Quarter3,sweing,Tuesday,12,0.5,15.26,1352.0,3720,23,0.0,0,0,34.0,0.500290419,2,0,0,0,0,1,0
350,1/20/2015,Quarter3,sweing,Tuesday,7,0.35,22.94,1450.0,10080,30,0.0,0,0,56.0,0.400332792,2,0,0,0,0,1,0
354,1/21/2015,Quarter3,sweing,Wednesday,4,0.75,22.52,825.0,10080,94,0.0,0,0,56.0,0.900556277,2,0,0,0,0,0,1
355,1/21/2015,Quarter3,sweing,Wednesday,6,0.8,11.61,916.0,5760,75,0.0,0,0,89.0,0.850410511,2,0,0,0,0,0,1
357,1/21/2015,Quarter3,sweing,Wednesday,8,0.8,25.9,562.0,7470,38,0.0,0,0,56.5,0.800436542,2,0,0,0,0,0,1
358,1/21/2015,Quarter3,sweing,Wednesday,2,0.7,22.94,1422.0,10500,60,0.0,0,0,57.0,0.800415742,2,0,0,0,0,0,1
359,1/21/2015,Quarter3,sweing,Wednesday,10,0.7,22.52,1206.0,10080,75,0.0,0,0,56.0,0.800020563,2,0,0,0,0,0,1
361,1/21/2015,Quarter3,sweing,Wednesday,5,0.7,20.4,1404.0,10440,50,0.0,0,0,58.0,0.750344828,2,0,0,0,0,0,1
362,1/21/2015,Quarter3,sweing,Wednesday,3,0.7,22.52,1139.0,10260,63,0.0,0,0,57.0,0.750068049,2,0,0,0,0,0,1
363,1/21/2015,Quarter3,sweing,Wednesday,11,0.7,14.89,1735.0,10260,50,0.0,0,0,57.0,0.700170388,2,0,0,0,0,0,1
364,1/21/2015,Quarter3,sweing,Wednesday,1,0.65,22.94,1595.0,10260,34,0.0,0,0,57.0,0.700029771,2,0,0,0,0,0,1
365,1/21/2015,Quarter3,sweing,Wednesday,12,0.6,15.26,1245.0,6360,23,0.0,0,0,34.0,0.60017284,2,0,0,0,0,0,1
367,1/21/2015,Quarter3,sweing,Wednesday,9,0.8,54.56,757.0,4140,29,0.0,0,0,58.0,0.520237649,2,0,0,0,0,0,1
369,1/21/2015,Quarter3,sweing,Wednesday,7,0.5,22.52,1720.0,10080,23,0.0,0,0,56.0,0.500241342,2,0,0,0,0,0,1
373,1/22/2015,Quarter4,sweing,Thursday,4,0.75,22.52,759.0,10080,81,0.0,0,0,56.0,0.849983766,2,0,0,0,1,0,0
374,1/22/2015,Quarter4,sweing,Thursday,2,0.7,22.94,1510.0,10620,60,0.0,0,0,57.0,0.800302791,2,0,0,0,1,0,0
375,1/22/2015,Quarter4,sweing,Thursday,6,0.8,11.61,955.0,6360,63,0.0,0,0,32.0,0.800191989,2,0,0,0,1,0,0
376,1/22/2015,Quarter4,sweing,Thursday,10,0.75,22.52,1328.0,10080,55,0.0,0,0,56.0,0.800020563,2,0,0,0,1,0,0
377,1/22/2015,Quarter4,sweing,Thursday,1,0.7,22.94,1384.0,12180,63,0.0,0,0,57.0,0.750162367,2,0,0,0,1,0,0
378,1/22/2015,Quarter4,sweing,Thursday,3,0.7,22.52,1244.0,10260,63,0.0,0,0,57.0,0.750068049,2,0,0,0,1,0,0
380,1/22/2015,Quarter4,sweing,Thursday,5,0.7,20.4,1480.0,10440,40,0.0,0,0,58.0,0.700250784,2,0,0,0,1,0,0
381,1/22/2015,Quarter4,sweing,Thursday,11,0.7,14.89,1863.0,10260,50,0.0,0,0,57.0,0.700170388,2,0,0,0,1,0,0
386,1/22/2015,Quarter4,sweing,Thursday,12,0.6,15.26,1492.0,6960,23,0.0,0,0,34.0,0.600436426,2,0,0,0,1,0,0
387,1/22/2015,Quarter4,sweing,Thursday,7,0.6,22.52,1859.0,10260,23,0.0,0,0,57.0,0.60041361,2,0,0,0,1,0,0
388,1/22/2015,Quarter4,sweing,Thursday,8,0.8,40.99,980.0,10770,30,0.0,0,0,56.5,0.555500132,2,0,0,0,1,0,0
389,1/22/2015,Quarter4,sweing,Thursday,9,0.5,29.12,970.0,10440,30,0.0,0,0,58.0,0.500547544,2,0,0,0,1,0,0
396,1/24/2015,Quarter4,sweing,Saturday,2,0.75,22.94,1606.0,10260,94,0.0,0,0,57.0,0.90064806,2,0,1,0,0,0,0
397,1/24/2015,Quarter4,sweing,Saturday,4,0.75,22.52,727.0,10260,94,0.0,0,0,57.0,0.900321106,2,0,1,0,0,0,0
402,1/24/2015,Quarter4,sweing,Saturday,1,0.7,22.94,1472.0,10260,75,0.0,0,0,57.0,0.800643806,2,0,1,0,0,0,0
403,1/24/2015,Quarter4,sweing,Saturday,10,0.75,22.52,1332.0,10080,69,0.0,0,0,56.0,0.80062987,2,0,1,0,0,0,0
404,1/24/2015,Quarter4,sweing,Saturday,6,0.8,11.61,1009.0,5640,63,0.0,0,0,32.0,0.800537143,2,0,1,0,0,0,0
405,1/24/2015,Quarter4,sweing,Saturday,3,0.75,22.52,1266.0,10260,69,0.0,0,0,57.0,0.80035194,2,0,1,0,0,0,0
406,1/24/2015,Quarter4,sweing,Saturday,12,0.75,15.26,1316.0,6120,40,0.0,0,0,34.0,0.750079323,2,0,1,0,0,0,0
407,1/24/2015,Quarter4,sweing,Saturday,11,0.75,42.97,1282.0,10260,56,0.0,0,0,57.0,0.750041201,2,0,1,0,0,0,0
408,1/24/2015,Quarter4,sweing,Saturday,5,0.7,20.4,1382.0,10440,50,0.0,0,0,58.0,0.700250784,2,0,1,0,0,0,0
410,1/24/2015,Quarter4,sweing,Saturday,7,0.65,22.52,1295.0,10170,26,0.0,0,0,56.5,0.650416734,2,0,1,0,0,0,0
411,1/24/2015,Quarter4,sweing,Saturday,9,0.6,29.12,925.0,6660,23,0.0,0,0,58.0,0.600125217,2,0,1,0,0,0,0
414,1/24/2015,Quarter4,sweing,Saturday,8,0.35,15.09,1448.0,9360,23,0.0,0,0,52.0,0.34998951,2,0,1,0,0,0,0
422,1/25/2015,Quarter4,sweing,Sunday,4,0.75,22.52,867.0,10260,94,0.0,0,0,57.0,0.900321106,2,0,0,1,0,0,0
423,1/25/2015,Quarter4,sweing,Sunday,2,0.75,22.94,1636.0,10530,81,0.0,0,0,58.5,0.850223776,2,0,0,1,0,0,0
424,1/25/2015,Quarter4,sweing,Sunday,1,0.7,22.94,1682.0,10530,75,0.0,0,0,58.5,0.800909609,2,0,0,1,0,0,0
425,1/25/2015,Quarter4,sweing,Sunday,3,0.75,22.52,1495.0,10350,55,0.0,0,0,57.5,0.800513307,2,0,0,1,0,0,0
426,1/25/2015,Quarter4,sweing,Sunday,6,0.8,11.61,1181.0,5760,63,0.0,0,0,32.0,0.800386364,2,0,0,1,0,0,0
427,1/25/2015,Quarter4,sweing,Sunday,10,0.75,22.52,1413.0,10080,69,0.0,0,0,56.0,0.800020563,2,0,0,1,0,0,0
429,1/25/2015,Quarter4,sweing,Sunday,7,0.7,22.52,360.0,10170,40,0.0,0,0,56.5,0.7005417,2,0,0,1,0,0,0
430,1/25/2015,Quarter4,sweing,Sunday,12,0.7,15.26,1296.0,6120,40,0.0,0,0,34.0,0.70043672,2,0,0,1,0,0,0
431,1/25/2015,Quarter4,sweing,Sunday,5,0.7,20.4,1217.0,10440,50,0.0,0,0,58.0,0.700250784,2,0,0,1,0,0,0
432,1/25/2015,Quarter4,sweing,Sunday,9,0.65,29.12,1086.0,10440,26,0.0,0,0,58.0,0.650407524,2,0,0,1,0,0,0
434,1/25/2015,Quarter4,sweing,Sunday,11,0.75,42.97,532.0,10260,40,0.0,0,0,57.0,0.59114168,2,0,0,1,0,0,0
435,1/25/2015,Quarter4,sweing,Sunday,8,0.5,15.09,1557.0,720,23,0.0,0,0,52.0,0.500061916,2,0,0,1,0,0,0
443,1/26/2015,Quarter4,sweing,Monday,4,0.8,22.52,1016.0,10170,60,0.0,0,0,56.5,0.850312684,2,1,0,0,0,0,0
444,1/26/2015,Quarter4,sweing,Monday,6,0.8,11.61,1072.0,5760,50,0.0,0,0,32.0,0.800386364,2,1,0,0,0,0,0
445,1/26/2015,Quarter4,sweing,Monday,3,0.75,22.52,1584.0,10260,69,0.0,0,0,57.0,0.80035194,2,1,0,0,0,0,0
446,1/26/2015,Quarter4,sweing,Monday,2,0.75,22.94,1764.0,10260,55,0.0,0,0,57.0,0.800034024,2,1,0,0,0,0,0
447,1/26/2015,Quarter4,sweing,Monday,1,0.7,22.94,1745.0,10440,60,0.0,0,0,58.0,0.800023511,2,1,0,0,0,0,0
448,1/26/2015,Quarter4,sweing,Monday,10,0.75,22.52,1250.0,10080,55,0.0,0,0,56.0,0.800020563,2,1,0,0,0,0,0
450,1/26/2015,Quarter4,sweing,Monday,5,0.75,20.4,1118.0,10320,56,0.0,0,0,58.0,0.750031447,2,1,0,0,0,0,0
451,1/26/2015,Quarter4,sweing,Monday,9,0.7,29.12,1143.0,10440,40,0.0,0,0,58.0,0.70061442,2,1,0,0,0,0,0
452,1/26/2015,Quarter4,sweing,Monday,12,0.7,15.26,1337.0,6120,40,0.0,0,0,34.0,0.70043672,2,1,0,0,0,0,0
454,1/26/2015,Quarter4,sweing,Monday,8,0.6,15.09,1519.0,360,23,0.0,0,0,52.0,0.600143365,2,1,0,0,0,0,0
455,1/26/2015,Quarter4,sweing,Monday,11,0.35,28.08,749.0,10260,23,0.0,0,0,57.0,0.350066986,2,1,0,0,0,0,0
456,1/27/2015,Quarter4,sweing,Tuesday,2,0.75,22.52,1635.0,6840,119,0.0,0,0,57.0,1.000230409,2,0,0,0,0,1,0
457,1/27/2015,Quarter4,sweing,Tuesday,3,0.75,22.52,1299.0,6840,119,0.0,0,0,57.0,1.000230409,2,0,0,0,0,1,0
461,1/27/2015,Quarter4,sweing,Tuesday,10,0.8,22.52,1134.0,6720,70,0.0,0,0,56.0,0.900129762,2,0,0,0,0,1,0
463,1/27/2015,Quarter4,sweing,Tuesday,4,0.8,22.52,1106.0,6780,60,0.0,0,0,56.5,0.850312684,2,0,0,0,0,1,0
467,1/27/2015,Quarter4,sweing,Tuesday,1,0.75,22.94,1871.0,6960,55,0.0,0,0,58.0,0.800263218,2,0,0,0,0,1,0
470,1/27/2015,Quarter4,sweing,Tuesday,9,0.7,29.12,1294.0,6960,50,0.0,0,0,58.0,0.700386207,2,0,0,0,0,1,0
471,1/27/2015,Quarter4,sweing,Tuesday,12,0.7,15.26,1462.0,4080,40,0.0,0,0,34.0,0.700164706,2,0,0,0,0,1,0
472,1/27/2015,Quarter4,sweing,Tuesday,8,0.65,15.09,976.0,240,23,0.0,0,0,52.0,0.650307143,2,0,0,0,0,1,0
473,1/27/2015,Quarter4,sweing,Tuesday,6,0.8,30.4,338.0,3840,34,0.0,0,0,32.0,0.622828125,2,0,0,0,0,1,0
475,1/27/2015,Quarter4,sweing,Tuesday,5,0.5,20.79,1455.0,6960,30,0.0,0,0,58.0,0.500035345,2,0,0,0,0,1,0
476,1/27/2015,Quarter4,sweing,Tuesday,11,0.5,48.18,1282.0,6480,23,0.0,0,0,54.0,0.37046657,2,0,0,0,0,1,0
477,1/28/2015,Quarter4,sweing,Wednesday,2,0.8,22.52,1559.0,6840,90,0.0,0,0,57.0,1.000230409,2,0,0,0,0,0,1
478,1/28/2015,Quarter4,sweing,Wednesday,3,0.8,22.52,1350.0,6840,113,0.0,0,0,57.0,1.000230409,2,0,0,0,0,0,1
482,1/28/2015,Quarter4,sweing,Wednesday,10,0.8,22.52,1175.0,6720,60,0.0,0,0,56.0,0.850532143,2,0,0,0,0,0,1
483,1/28/2015,Quarter4,sweing,Wednesday,1,0.75,22.94,1868.0,6960,81,0.0,0,0,58.0,0.850362069,2,0,0,0,0,0,1
485,1/28/2015,Quarter4,sweing,Wednesday,5,0.6,20.79,1045.0,6960,88,0.0,0,0,58.0,0.800534483,2,0,0,0,0,0,1
486,1/28/2015,Quarter4,sweing,Wednesday,4,0.8,22.52,1342.0,6780,50,0.0,0,0,56.5,0.800489676,2,0,0,0,0,0,1
488,1/28/2015,Quarter4,sweing,Wednesday,9,0.7,29.12,1340.0,6960,63,0.0,0,0,58.0,0.750593103,2,0,0,0,0,0,1
489,1/28/2015,Quarter4,sweing,Wednesday,12,0.75,15.26,1429.0,3600,45,0.0,0,0,35.0,0.750283333,2,0,0,0,0,0,1
492,1/28/2015,Quarter4,sweing,Wednesday,11,0.5,20.1,1413.0,5880,46,0.0,0,0,54.0,0.500567308,2,0,0,0,0,0,1
493,1/28/2015,Quarter4,sweing,Wednesday,8,0.7,38.09,336.0,6240,0,0.0,0,0,52.0,0.467693269,2,0,0,0,0,0,1
494,1/28/2015,Quarter4,sweing,Wednesday,6,0.35,18.79,511.0,1800,23,0.0,0,0,32.0,0.437995338,2,0,0,0,0,0,1
496,1/28/2015,Quarter4,sweing,Wednesday,7,0.6,23.54,958.0,6600,0,0.0,0,0,55.0,0.285333333,2,0,0,0,0,0,1
498,1/29/2015,Quarter5,sweing,Thursday,2,0.8,22.52,1416.0,6840,113,0.0,0,0,57.0,1.000230409,2,0,0,0,1,0,0
500,1/29/2015,Quarter5,sweing,Thursday,3,0.8,22.52,1287.0,6840,100,0.0,0,0,57.0,0.950185965,2,0,0,0,1,0,0
501,1/29/2015,Quarter5,sweing,Thursday,4,0.8,22.52,1444.0,6900,88,0.0,0,0,57.5,0.9008,2,0,0,0,1,0,0
502,1/29/2015,Quarter5,sweing,Thursday,10,0.8,22.52,1088.0,6720,88,0.0,0,0,56.0,0.900129762,2,0,0,0,1,0,0
508,1/29/2015,Quarter5,sweing,Thursday,1,0.75,22.94,1579.0,6960,81,0.0,0,0,58.0,0.850362069,2,0,0,0,1,0,0
509,1/29/2015,Quarter5,sweing,Thursday,9,0.7,29.12,1170.0,6960,53,0.0,0,0,58.0,0.850170115,2,0,0,0,1,0,0
510,1/29/2015,Quarter5,sweing,Thursday,5,0.65,20.79,1015.0,7080,81,0.0,0,0,59.0,0.800473729,2,0,0,0,1,0,0
512,1/29/2015,Quarter5,sweing,Thursday,12,0.75,15.26,1436.0,4200,45,0.0,0,0,35.0,0.750646667,2,0,0,0,1,0,0
514,1/29/2015,Quarter5,sweing,Thursday,11,0.6,20.1,1601.0,4320,46,0.0,0,0,51.0,0.60059761,2,0,0,0,1,0,0
515,1/29/2015,Quarter5,sweing,Thursday,6,0.5,18.79,717.0,3960,23,0.0,0,0,33.0,0.500117677,2,0,0,0,1,0,0
517,1/29/2015,Quarter5,sweing,Thursday,7,0.65,23.54,830.0,6600,0,0.0,0,0,55.0,0.48792,2,0,0,0,1,0,0
518,1/31/2015,Quarter5,sweing,Saturday,3,0.8,22.52,1136.0,6960,113,0.0,0,0,58.0,1.000457471,2,0,1,0,0,0,0
519,1/31/2015,Quarter5,sweing,Saturday,2,0.8,22.52,1397.0,6840,113,0.0,0,0,57.0,1.000230409,2,0,1,0,0,0,0
532,1/31/2015,Quarter5,sweing,Saturday,10,0.8,22.52,1116.0,6720,93,0.0,0,0,56.0,0.920236905,2,0,1,0,0,0,0
533,1/31/2015,Quarter5,sweing,Saturday,4,0.8,22.52,1432.0,6660,88,0.0,0,0,57.5,0.900537069,2,0,1,0,0,0,0
534,1/31/2015,Quarter5,sweing,Saturday,9,0.75,29.12,1082.0,6840,81,0.0,0,0,57.0,0.850610526,2,0,1,0,0,0,0
535,1/31/2015,Quarter5,sweing,Saturday,1,0.75,22.94,1502.0,6960,81,0.0,0,0,58.0,0.850362069,2,0,1,0,0,0,0
536,1/31/2015,Quarter5,sweing,Saturday,12,0.75,15.26,1209.0,4200,45,0.0,0,0,35.0,0.750646667,2,0,1,0,0,0,0
537,1/31/2015,Quarter5,sweing,Saturday,5,0.7,50.89,282.0,5880,56,0.0,0,0,59.0,0.656763743,2,0,1,0,0,0,0
538,1/31/2015,Quarter5,sweing,Saturday,11,0.65,20.1,1417.0,6480,49,0.0,0,0,54.0,0.650148148,2,0,1,0,0,0,0
539,1/31/2015,Quarter5,sweing,Saturday,6,0.6,18.79,799.0,3960,23,0.0,0,0,33.0,0.600710606,2,0,1,0,0,0,0
540,1/31/2015,Quarter5,sweing,Saturday,7,0.7,23.54,1109.0,6720,0,0.0,0,0,56.0,0.388830357,2,0,1,0,0,0,0
541,1/31/2015,Quarter5,sweing,Saturday,8,0.5,23.54,1144.0,6480,0,0.0,0,0,54.0,0.286984568,2,0,1,0,0,0,0
543,2/1/2015,Quarter1,sweing,Sunday,2,0.8,22.52,1396.0,6900,113,0.0,0,0,57.5,1.000671304,1,0,0,1,0,0,0
544,2/1/2015,Quarter1,sweing,Sunday,1,0.8,22.94,1582.0,3060,113,0.0,0,0,58.5,1.000402055,1,0,0,1,0,0,0
546,2/1/2015,Quarter1,sweing,Sunday,3,0.8,22.52,1124.0,6840,100,0.0,0,0,57.0,0.950185965,1,0,0,1,0,0,0
550,2/1/2015,Quarter1,sweing,Sunday,10,0.8,22.52,1282.0,6720,75,0.0,0,0,56.0,0.850532143,1,0,0,1,0,0,0
551,2/1/2015,Quarter1,sweing,Sunday,4,0.8,22.52,1472.0,7020,60,0.0,0,0,58.5,0.85011396,1,0,0,1,0,0,0
553,2/1/2015,Quarter1,sweing,Sunday,9,0.75,29.12,1282.0,6960,45,0.0,0,0,58.0,0.750593103,1,0,0,1,0,0,0
554,2/1/2015,Quarter1,sweing,Sunday,12,0.75,15.26,1276.0,1440,45,0.0,0,0,35.0,0.750450658,1,0,0,1,0,0,0
556,2/1/2015,Quarter1,sweing,Sunday,11,0.7,20.1,1192.0,6120,75,0.0,0,0,54.0,0.700508929,1,0,0,1,0,0,0
557,2/1/2015,Quarter1,sweing,Sunday,6,0.65,18.79,881.0,3960,26,0.0,0,0,33.0,0.651007071,1,0,0,1,0,0,0
558,2/1/2015,Quarter1,sweing,Sunday,8,0.6,24.26,1196.0,6600,0,0.0,0,0,55.0,0.466821212,1,0,0,1,0,0,0
559,2/1/2015,Quarter1,sweing,Sunday,7,0.7,24.26,1400.0,6720,0,0.0,0,0,56.0,0.411553571,1,0,0,1,0,0,0
561,2/2/2015,Quarter1,sweing,Monday,1,0.8,22.94,16882.0,7020,113,0.0,0,0,58.5,1.000602279,1,1,0,0,0,0,0
563,2/2/2015,Quarter1,sweing,Monday,2,0.8,22.52,21385.0,7020,88,0.0,0,0,58.5,0.900158405,1,1,0,0,0,0,0
564,2/2/2015,Quarter1,sweing,Monday,3,0.8,22.52,21266.0,6840,70,0.0,0,0,57.0,0.90014152,1,1,0,0,0,0,0
565,2/2/2015,Quarter1,sweing,Monday,10,0.8,22.52,21540.0,6720,88,0.0,0,0,56.0,0.900129762,1,1,0,0,0,0,0
568,2/2/2015,Quarter1,sweing,Monday,12,0.8,15.26,12261.0,3600,63,0.0,0,0,35.0,0.800401961,1,1,0,0,0,0,0
569,2/2/2015,Quarter1,sweing,Monday,4,0.8,22.52,23122.0,5940,50,0.0,0,0,56.5,0.800393224,1,1,0,0,0,0,0
570,2/2/2015,Quarter1,sweing,Monday,9,0.75,29.12,8992.0,6960,55,0.0,0,0,58.0,0.799963218,1,1,0,0,0,0,0
572,2/2/2015,Quarter1,sweing,Monday,11,0.7,20.55,9792.0,6480,60,0.0,0,0,54.0,0.700398148,1,1,0,0,0,0,0
573,2/2/2015,Quarter1,sweing,Monday,6,0.7,18.79,2984.0,3960,30,0.0,0,0,33.0,0.700354545,1,1,0,0,0,0,0
576,2/2/2015,Quarter1,sweing,Monday,5,0.5,30.1,839.0,6960,0,0.0,0,0,58.0,0.500801724,1,1,0,0,0,0,0
577,2/2/2015,Quarter1,sweing,Monday,7,0.7,24.26,2698.0,6720,0,0.0,0,0,56.0,0.295307738,1,1,0,0,0,0,0
579,2/2/2015,Quarter1,sweing,Monday,8,0.65,24.26,1435.0,6600,0,0.0,0,0,55.0,0.260978788,1,1,0,0,0,0,0
581,2/3/2015,Quarter1,sweing,Tuesday,1,0.8,22.52,1500.0,6900,113,0.0,0,0,57.5,1.000018551,1,0,0,0,0,1,0
582,2/3/2015,Quarter1,sweing,Tuesday,10,0.8,22.52,1188.0,6720,90,0.0,0,0,56.0,0.999995238,1,0,0,0,0,1,0
585,2/3/2015,Quarter1,sweing,Tuesday,3,0.8,22.52,1112.0,6840,100,0.0,0,0,57.0,0.950185965,1,0,0,0,0,1,0
586,2/3/2015,Quarter1,sweing,Tuesday,2,0.8,22.52,1452.0,6960,100,0.0,0,0,58.0,0.949981609,1,0,0,0,0,1,0
588,2/3/2015,Quarter1,sweing,Tuesday,4,0.8,22.52,340.0,5460,63,0.0,0,0,56.5,0.800434622,1,0,0,0,0,1,0
589,2/3/2015,Quarter1,sweing,Tuesday,12,0.8,15.26,1029.0,2040,50,0.0,0,0,35.0,0.800259023,1,0,0,0,0,1,0
591,2/3/2015,Quarter1,sweing,Tuesday,9,0.75,29.12,1070.0,6960,34,0.0,0,0,58.0,0.750593103,1,0,0,0,0,1,0
592,2/3/2015,Quarter1,sweing,Tuesday,11,0.7,25.31,946.0,5760,60,0.0,0,0,54.0,0.700513566,1,0,0,0,0,1,0
593,2/3/2015,Quarter1,sweing,Tuesday,6,0.7,18.79,913.0,4020,30,0.0,0,0,33.5,0.700184577,1,0,0,0,0,1,0
594,2/3/2015,Quarter1,sweing,Tuesday,8,0.7,24.26,1363.0,6660,0,0.0,0,0,55.5,0.586465465,1,0,0,0,0,1,0
595,2/3/2015,Quarter1,sweing,Tuesday,7,0.7,24.26,1639.0,6720,0,0.0,0,0,56.0,0.541517857,1,0,0,0,0,1,0
598,2/3/2015,Quarter1,sweing,Tuesday,5,0.6,30.1,415.0,6960,0,0.0,0,0,58.0,0.415172414,1,0,0,0,0,1,0
599,2/4/2015,Quarter1,sweing,Wednesday,2,0.8,22.52,1263.0,6900,100,0.0,0,0,57.5,1.05028058,1,0,0,0,0,0,1
600,2/4/2015,Quarter1,sweing,Wednesday,3,0.8,22.52,968.0,6840,113,0.0,0,0,57.0,1.000230409,1,0,0,0,0,0,1
601,2/4/2015,Quarter1,sweing,Wednesday,10,0.8,22.52,1108.0,6720,113,0.0,0,0,56.0,0.999995238,1,0,0,0,0,0,1
605,2/4/2015,Quarter1,sweing,Wednesday,1,0.8,22.52,1532.0,6900,88,0.0,0,0,57.5,0.900147246,1,0,0,0,0,0,1
606,2/4/2015,Quarter1,sweing,Wednesday,12,0.8,15.26,1094.0,4080,38,0.0,0,0,34.0,0.800401961,1,0,0,0,0,0,1
607,2/4/2015,Quarter1,sweing,Wednesday,9,0.8,22.52,1086.0,6960,50,0.0,0,0,58.0,0.799963218,1,0,0,0,0,0,1
610,2/4/2015,Quarter1,sweing,Wednesday,6,0.7,18.79,941.0,3360,30,0.0,0,0,33.0,0.700710417,1,0,0,0,0,0,1
611,2/4/2015,Quarter1,sweing,Wednesday,7,0.7,24.26,1471.0,6960,0,0.0,0,0,58.0,0.700612069,1,0,0,0,0,0,1
612,2/4/2015,Quarter1,sweing,Wednesday,11,0.7,10.05,1042.0,6120,60,0.0,0,0,53.0,0.700278846,1,0,0,0,0,0,1
613,2/4/2015,Quarter1,sweing,Wednesday,8,0.7,29.12,1248.0,6840,0,0.0,0,0,57.0,0.700135088,1,0,0,0,0,0,1
615,2/4/2015,Quarter1,sweing,Wednesday,5,0.65,30.1,326.0,5820,0,90.0,10,0,58.5,0.650834808,1,0,0,0,0,0,1
617,2/4/2015,Quarter1,sweing,Wednesday,4,0.35,30.1,287.0,6060,23,150.0,15,0,55.5,0.350706422,1,0,0,0,0,0,1
618,2/5/2015,Quarter1,sweing,Thursday,2,0.8,22.52,1300.0,6780,113,0.0,0,0,56.5,1.000446018,1,0,0,0,1,0,0
619,2/5/2015,Quarter1,sweing,Thursday,1,0.8,22.52,1485.0,6900,113,0.0,0,0,57.5,1.000018551,1,0,0,0,1,0,0
620,2/5/2015,Quarter1,sweing,Thursday,10,0.8,22.52,1039.0,6720,113,0.0,0,0,56.0,0.999995238,1,0,0,0,1,0,0
622,2/5/2015,Quarter1,sweing,Thursday,3,0.8,22.52,1063.0,6840,100,0.0,0,0,57.0,0.950185965,1,0,0,0,1,0,0
627,2/5/2015,Quarter1,sweing,Thursday,12,0.8,15.26,1083.0,720,38,0.0,0,0,34.0,0.800612676,1,0,0,0,1,0,0
628,2/5/2015,Quarter1,sweing,Thursday,9,0.8,29.12,1069.0,6960,50,0.0,0,0,58.0,0.799963218,1,0,0,0,1,0,0
630,2/5/2015,Quarter1,sweing,Thursday,11,0.75,10.05,668.0,2520,34,0.0,0,0,26.0,0.7504,1,0,0,0,1,0,0
631,2/5/2015,Quarter1,sweing,Thursday,6,0.7,18.79,766.0,2760,30,0.0,0,0,33.0,0.700079032,1,0,0,0,1,0,0
632,2/5/2015,Quarter1,sweing,Thursday,5,0.7,30.1,557.0,6960,0,0.0,0,0,58.0,0.562212644,1,0,0,0,1,0,0
633,2/5/2015,Quarter1,sweing,Thursday,7,0.07,24.26,1608.0,6960,0,0.0,0,0,58.0,0.522844828,1,0,0,0,1,0,0
634,2/5/2015,Quarter1,sweing,Thursday,4,0.5,30.1,417.0,6360,23,0.0,0,1,53.0,0.500720126,1,0,0,0,1,0,0
635,2/5/2015,Quarter1,sweing,Thursday,8,0.7,24.26,1167.0,6840,0,0.0,0,0,57.0,0.496549708,1,0,0,0,1,0,0
637,2/7/2015,Quarter1,sweing,Saturday,2,0.8,22.52,1186.0,6900,113,0.0,0,0,58.0,1.000018551,1,0,1,0,0,0,0
638,2/7/2015,Quarter1,sweing,Saturday,3,0.8,22.52,1060.0,6840,100,0.0,0,0,57.0,0.950185965,1,0,1,0,0,0,0
639,2/7/2015,Quarter1,sweing,Saturday,1,0.8,22.52,1534.0,6780,88,0.0,0,0,57.0,0.900135693,1,0,1,0,0,0,0
640,2/7/2015,Quarter1,sweing,Saturday,10,0.8,22.52,1142.0,6720,88,0.0,0,0,56.0,0.900129762,1,0,1,0,0,0,0
644,2/7/2015,Quarter1,sweing,Saturday,12,0.8,15.26,1021.0,4080,63,0.0,0,0,34.0,0.800401961,1,0,1,0,0,0,0
645,2/7/2015,Quarter1,sweing,Saturday,9,0.8,29.12,829.0,6960,50,0.0,0,0,58.0,0.799963218,1,0,1,0,0,0,0
647,2/7/2015,Quarter1,sweing,Saturday,6,0.75,18.79,813.0,1560,34,0.0,0,0,33.0,0.750520115,1,0,1,0,0,0,0
648,2/7/2015,Quarter1,sweing,Saturday,11,0.75,10.05,677.0,3240,45,0.0,0,0,27.0,0.750027778,1,0,1,0,0,0,0
650,2/7/2015,Quarter1,sweing,Saturday,7,0.7,24.26,658.0,6960,0,270.0,45,0,58.0,0.662270115,1,0,1,0,0,0,0
651,2/7/2015,Quarter1,sweing,Saturday,4,0.6,30.1,486.0,6780,30,0.0,0,1,57.0,0.600224189,1,0,1,0,0,0,0
652,2/7/2015,Quarter1,sweing,Saturday,5,0.7,30.1,687.0,7500,0,0.0,0,0,59.0,0.545657673,1,0,1,0,0,0,0
654,2/7/2015,Quarter1,sweing,Saturday,8,0.7,24.26,652.0,6840,0,300.0,37,0,57.0,0.365318713,1,0,1,0,0,0,0
655,2/8/2015,Quarter2,sweing,Sunday,2,0.8,22.52,1233.0,6900,113,0.0,0,0,57.5,1.000018551,2,0,0,1,0,0,0
657,2/8/2015,Quarter2,sweing,Sunday,10,0.8,22.52,1388.0,6720,88,0.0,0,0,56.0,0.9008,2,0,0,1,0,0,0
658,2/8/2015,Quarter2,sweing,Sunday,1,0.8,22.52,1615.0,6780,88,0.0,0,0,56.5,0.900135693,2,0,0,1,0,0,0
659,2/8/2015,Quarter2,sweing,Sunday,3,0.8,22.52,1283.0,6720,88,0.0,0,0,56.0,0.900129762,2,0,0,1,0,0,0
664,2/8/2015,Quarter2,sweing,Sunday,12,0.8,15.26,1026.0,2880,63,0.0,0,0,34.0,0.800355208,2,0,0,1,0,0,0
665,2/8/2015,Quarter2,sweing,Sunday,9,0.8,29.12,909.0,6960,50,0.0,0,0,58.0,0.799963218,2,0,0,1,0,0,0
666,2/8/2015,Quarter2,sweing,Sunday,6,0.75,18.79,670.0,3960,34,0.0,0,0,33.0,0.75065101,2,0,0,1,0,0,0
667,2/8/2015,Quarter2,sweing,Sunday,11,0.75,10.05,629.0,3240,45,0.0,0,0,27.0,0.750027778,2,0,0,1,0,0,0
668,2/8/2015,Quarter2,sweing,Sunday,5,0.7,30.1,754.0,7020,0,0.0,0,0,58.5,0.700618234,2,0,0,1,0,0,0
671,2/8/2015,Quarter2,sweing,Sunday,4,0.65,30.1,712.0,6780,44,0.0,0,1,56.5,0.568259587,2,0,0,1,0,0,0
672,2/8/2015,Quarter2,sweing,Sunday,7,0.7,24.26,148.0,6960,0,0.0,0,0,58.0,0.355534483,2,0,0,1,0,0,0
673,2/8/2015,Quarter2,sweing,Sunday,8,0.7,24.26,154.0,6840,0,0.0,0,0,57.0,0.353259649,2,0,0,1,0,0,0
676,2/9/2015,Quarter2,sweing,Monday,10,0.8,22.52,1127.0,120,88,0.0,0,0,56.0,0.9008,2,1,0,0,0,0,0
677,2/9/2015,Quarter2,sweing,Monday,1,0.8,22.52,1506.0,3600,70,0.0,0,0,57.0,0.900509044,2,1,0,0,0,0,0
678,2/9/2015,Quarter2,sweing,Monday,2,0.8,22.52,1413.0,360,70,0.0,0,0,57.0,0.900477825,2,1,0,0,0,0,0
680,2/9/2015,Quarter2,sweing,Monday,12,0.8,15.26,970.0,4080,63,0.0,0,0,34.0,0.800401961,2,1,0,0,0,0,0
681,2/9/2015,Quarter2,sweing,Monday,3,0.8,22.52,1271.0,5400,50,0.0,0,0,57.0,0.800161172,2,1,0,0,0,0,0
682,2/9/2015,Quarter2,sweing,Monday,9,0.8,29.12,1073.0,6960,50,0.0,0,0,58.0,0.799963218,2,1,0,0,0,0,0
683,2/9/2015,Quarter2,sweing,Monday,4,0.7,30.1,767.0,3300,50,0.0,0,1,57.0,0.790003236,2,1,0,0,0,0,0
684,2/9/2015,Quarter2,sweing,Monday,11,0.75,10.05,103.0,0,45,0.0,0,0,54.0,0.750648148,2,1,0,0,0,0,0
686,2/9/2015,Quarter2,sweing,Monday,5,0.7,30.1,773.0,7020,40,0.0,0,0,58.0,0.700618234,2,1,0,0,0,0,0
688,2/9/2015,Quarter2,sweing,Monday,6,0.75,18.79,708.0,4080,0,0.0,0,0,34.0,0.612517157,2,1,0,0,0,0,0
689,2/9/2015,Quarter2,sweing,Monday,7,0.35,30.1,842.0,6960,0,0.0,0,1,58.0,0.350301724,2,1,0,0,0,0,0
690,2/9/2015,Quarter2,sweing,Monday,8,0.35,30.1,901.0,6960,0,0.0,0,1,58.0,0.350301724,2,1,0,0,0,0,0
694,2/10/2015,Quarter2,sweing,Tuesday,10,0.8,22.52,1268.0,0,88,0.0,0,0,56.0,0.90063244,2,0,0,0,0,1,0
695,2/10/2015,Quarter2,sweing,Tuesday,1,0.8,22.52,1546.0,0,88,0.0,0,0,57.0,0.90047076,2,0,0,0,0,1,0
696,2/10/2015,Quarter2,sweing,Tuesday,3,0.8,22.52,813.0,0,88,0.0,0,0,57.0,0.90047076,2,0,0,0,0,1,0
697,2/10/2015,Quarter2,sweing,Tuesday,2,0.8,22.52,1512.0,0,88,0.0,0,0,57.0,0.899984058,2,0,0,0,0,1,0
699,2/10/2015,Quarter2,sweing,Tuesday,9,0.8,29.12,1263.0,2160,38,0.0,0,0,58.0,0.8008,2,0,0,0,0,1,0
700,2/10/2015,Quarter2,sweing,Tuesday,12,0.8,15.26,900.0,4080,50,0.0,0,0,34.0,0.800401961,2,0,0,0,0,1,0
702,2/10/2015,Quarter2,sweing,Tuesday,6,0.75,18.79,640.0,2400,0,0.0,0,0,34.0,0.750797009,2,0,0,0,0,1,0
703,2/10/2015,Quarter2,sweing,Tuesday,11,0.8,10.05,13.0,3240,34,0.0,0,0,54.0,0.750648148,2,0,0,0,0,1,0
704,2/10/2015,Quarter2,sweing,Tuesday,5,0.75,30.1,855.0,7020,45,0.0,0,0,58.0,0.750356125,2,0,0,0,0,1,0
706,2/10/2015,Quarter2,sweing,Tuesday,4,0.7,30.1,855.0,7020,40,0.0,0,1,58.0,0.700618234,2,0,0,0,0,1,0
709,2/10/2015,Quarter2,sweing,Tuesday,7,0.5,30.1,1025.0,6960,23,0.0,0,1,58.0,0.500801724,2,0,0,0,0,1,0
710,2/10/2015,Quarter2,sweing,Tuesday,8,0.5,30.1,1061.0,6960,30,0.0,0,1,58.0,0.393548851,2,0,0,0,0,1,0
713,2/11/2015,Quarter2,sweing,Wednesday,2,0.8,22.52,1557.0,0,90,0.0,0,0,57.5,1.000344928,2,0,0,0,0,0,1
714,2/11/2015,Quarter2,sweing,Wednesday,1,0.8,22.52,1498.0,0,113,0.0,0,0,57.0,1.000065789,2,0,0,0,0,0,1
718,2/11/2015,Quarter2,sweing,Wednesday,10,0.8,22.52,598.0,0,75,0.0,0,0,56.0,0.850364583,2,0,0,0,0,0,1
719,2/11/2015,Quarter2,sweing,Wednesday,6,0.8,18.79,656.0,3480,38,0.0,0,0,34.0,0.800947475,2,0,0,0,0,0,1
720,2/11/2015,Quarter2,sweing,Wednesday,12,0.8,15.26,854.0,4080,50,0.0,0,0,34.0,0.800401961,2,0,0,0,0,0,1
721,2/11/2015,Quarter2,sweing,Wednesday,9,0.8,29.12,609.0,3240,50,0.0,0,0,58.0,0.800144144,2,0,0,0,0,0,1
722,2/11/2015,Quarter2,sweing,Wednesday,5,0.75,30.1,788.0,7380,56,0.0,0,0,59.5,0.750406233,2,0,0,0,0,0,1
723,2/11/2015,Quarter2,sweing,Wednesday,8,0.6,30.1,1069.0,4560,30,0.0,0,1,58.0,0.714410494,2,0,0,0,0,0,1
724,2/11/2015,Quarter2,sweing,Wednesday,4,0.7,30.1,667.0,5940,40,0.0,0,1,59.5,0.700588406,2,0,0,0,0,0,1
726,2/11/2015,Quarter2,sweing,Wednesday,7,0.6,30.1,829.0,3360,23,0.0,0,1,58.0,0.600070513,2,0,0,0,0,0,1
728,2/11/2015,Quarter2,sweing,Wednesday,3,0.8,22.52,11.0,6840,0,0.0,0,1,57.0,0.536901754,2,0,0,0,0,0,1
729,2/11/2015,Quarter2,sweing,Wednesday,11,0.35,11.41,434.0,3240,0,0.0,0,1,52.0,0.507903226,2,0,0,0,0,0,1
730,2/12/2015,Quarter2,sweing,Thursday,1,0.8,22.52,1397.0,0,138,0.0,0,0,57.0,1.100483918,2,0,0,0,1,0,0
732,2/12/2015,Quarter2,sweing,Thursday,2,0.8,22.52,1327.0,0,113,0.0,0,0,57.5,1.000344928,2,0,0,0,1,0,0
734,2/12/2015,Quarter2,sweing,Thursday,12,0.8,15.26,894.0,4080,50,0.0,0,0,34.0,0.800401961,2,0,0,0,1,0,0
736,2/12/2015,Quarter2,sweing,Thursday,5,0.75,30.1,610.0,7080,56,0.0,0,0,59.0,0.750799435,2,0,0,0,1,0,0
737,2/12/2015,Quarter2,sweing,Thursday,6,0.8,18.79,779.0,3960,0,0.0,0,0,33.0,0.688017677,2,0,0,0,1,0,0
740,2/12/2015,Quarter2,sweing,Thursday,4,0.7,30.1,419.0,7080,0,0.0,0,1,59.0,0.637711864,2,0,0,0,1,0,0
743,2/12/2015,Quarter2,sweing,Thursday,7,0.65,30.1,909.0,7080,0,0.0,0,1,59.0,0.535677966,2,0,0,0,1,0,0
744,2/12/2015,Quarter2,sweing,Thursday,11,0.5,11.41,1039.0,2280,0,0.0,0,2,55.0,0.50012336,2,0,0,0,1,0,0
745,2/12/2015,Quarter2,sweing,Thursday,9,0.8,29.12,14.0,6960,0,0.0,0,0,58.0,0.497885057,2,0,0,0,1,0,0
746,2/12/2015,Quarter2,sweing,Thursday,8,0.65,30.1,1193.0,7080,0,0.0,0,1,59.0,0.463403955,2,0,0,0,1,0,0
747,2/12/2015,Quarter2,sweing,Thursday,10,0.8,22.52,10.0,6000,0,0.0,0,0,50.0,0.441392,2,0,0,0,1,0,0
748,2/12/2015,Quarter2,sweing,Thursday,3,0.35,30.1,770.0,6960,0,0.0,0,1,58.0,0.350301724,2,0,0,0,1,0,0
749,2/14/2015,Quarter2,sweing,Saturday,1,0.8,22.52,1416.0,6840,113,0.0,0,0,57.0,1.000230409,2,0,1,0,0,0,0
753,2/14/2015,Quarter2,sweing,Saturday,12,0.8,15.26,942.0,4080,63,0.0,0,0,34.0,0.800401961,2,0,1,0,0,0,0
754,2/14/2015,Quarter2,sweing,Saturday,2,0.8,22.52,674.0,3660,63,0.0,0,0,57.0,0.80037492,2,0,1,0,0,0,0
756,2/14/2015,Quarter2,sweing,Saturday,4,0.75,30.1,481.0,7140,0,0.0,0,1,59.0,0.750392157,2,0,1,0,0,0,0
757,2/14/2015,Quarter2,sweing,Saturday,5,0.75,30.1,664.0,7140,56,0.0,0,0,59.0,0.750392157,2,0,1,0,0,0,0
759,2/14/2015,Quarter2,sweing,Saturday,8,0.7,30.1,824.0,5160,0,0.0,0,1,60.0,0.700206125,2,0,1,0,0,0,0
760,2/14/2015,Quarter2,sweing,Saturday,7,0.7,30.1,957.0,7200,0,0.0,0,1,60.0,0.602,2,0,1,0,0,0,0
761,2/14/2015,Quarter2,sweing,Saturday,11,0.6,11.41,1039.0,2280,23,0.0,0,2,55.0,0.600447507,2,0,1,0,0,0,0
762,2/14/2015,Quarter2,sweing,Saturday,6,0.8,18.79,822.0,4080,0,0.0,0,0,34.0,0.557252451,2,0,1,0,0,0,0
763,2/14/2015,Quarter2,sweing,Saturday,3,0.5,30.1,1261.0,6960,30,0.0,0,1,58.0,0.500801724,2,0,1,0,0,0,0
768,2/15/2015,Quarter3,sweing,Sunday,1,0.8,22.52,1420.0,6840,113,0.0,0,0,57.0,1.000230409,2,0,0,1,0,0,0
770,2/15/2015,Quarter3,sweing,Sunday,12,0.8,15.26,1120.0,1440,50,0.0,0,0,34.0,0.800806306,2,0,0,1,0,0,0
772,2/15/2015,Quarter3,sweing,Sunday,5,0.8,30.1,679.0,7140,0,0.0,0,0,59.5,0.722568627,2,0,0,1,0,0,0
774,2/15/2015,Quarter3,sweing,Sunday,7,0.7,30.1,881.0,7080,0,0.0,0,1,59.0,0.700632768,2,0,0,1,0,0,0
775,2/15/2015,Quarter3,sweing,Sunday,8,0.7,30.1,507.0,5880,40,2.0,10,1,59.0,0.700573099,2,0,0,1,0,0,0
776,2/15/2015,Quarter3,sweing,Sunday,6,0.75,18.79,814.0,4080,0,0.0,0,0,34.0,0.681598039,2,0,0,1,0,0,0
777,2/15/2015,Quarter3,sweing,Sunday,11,0.65,11.41,700.0,2640,23,0.0,0,2,53.0,0.650223718,2,0,0,1,0,0,0
780,2/15/2015,Quarter3,sweing,Sunday,4,0.75,30.1,919.0,7140,0,0.0,0,1,59.5,0.598627451,2,0,0,1,0,0,0
781,2/15/2015,Quarter3,sweing,Sunday,3,0.6,30.1,1361.0,6960,30,0.0,0,1,58.0,0.475718391,2,0,0,1,0,0,0
782,2/15/2015,Quarter3,sweing,Sunday,2,0.8,22.52,12.0,6900,0,0.0,0,0,57.5,0.432122899,2,0,0,1,0,0,0
784,2/15/2015,Quarter3,sweing,Sunday,9,0.5,18.79,1688.0,5280,0,0.0,0,1,54.0,0.283054487,2,0,0,1,0,0,0
785,2/16/2015,Quarter3,sweing,Monday,1,0.8,22.52,1422.0,6840,113,0.0,0,0,57.0,1.000230409,2,1,0,0,0,0,0
789,2/16/2015,Quarter3,sweing,Monday,3,0.65,30.1,1263.0,600,63,0.0,0,1,58.0,0.802243319,2,1,0,0,0,0,0
790,2/16/2015,Quarter3,sweing,Monday,5,0.8,30.1,461.0,0,0,0.0,0,0,59.0,0.800980392,2,1,0,0,0,0,0
791,2/16/2015,Quarter3,sweing,Monday,12,0.8,15.26,1079.0,3720,38,0.0,0,0,34.0,0.800312375,2,1,0,0,0,0,0
793,2/16/2015,Quarter3,sweing,Monday,6,0.75,18.79,895.0,3960,0,0.0,0,0,33.0,0.75065101,2,1,0,0,0,0,0
794,2/16/2015,Quarter3,sweing,Monday,4,0.75,30.1,912.0,7020,0,0.0,0,1,58.0,0.750356125,2,1,0,0,0,0,0
796,2/16/2015,Quarter3,sweing,Monday,7,0.7,30.1,784.0,600,30,0.0,0,1,59.0,0.700459889,2,1,0,0,0,0,0
798,2/16/2015,Quarter3,sweing,Monday,8,0.7,30.1,7.0,7080,27,2.0,10,2,59.0,0.621971751,2,1,0,0,0,0,0
799,2/16/2015,Quarter3,sweing,Monday,11,0.7,11.41,680.0,2160,30,0.0,0,2,54.0,0.565972222,2,1,0,0,0,0,0
800,2/16/2015,Quarter3,sweing,Monday,10,0.6,18.22,1131.0,5280,0,0.0,0,1,44.0,0.35542803,2,1,0,0,0,0,0
801,2/16/2015,Quarter3,sweing,Monday,9,0.6,18.79,2103.0,5400,0,0.0,0,1,54.0,0.329964879,2,1,0,0,0,0,0
803,2/17/2015,Quarter3,sweing,Tuesday,1,0.8,22.52,1445.0,6840,113,0.0,0,0,57.0,1.000230409,2,0,0,0,0,1,0
807,2/17/2015,Quarter3,sweing,Tuesday,12,0.8,15.26,1133.0,4080,38,0.0,0,0,34.0,0.800401961,2,0,0,0,0,1,0
809,2/17/2015,Quarter3,sweing,Tuesday,6,0.75,18.79,726.0,3360,0,0.0,0,0,33.0,0.750621354,2,0,0,0,0,1,0
810,2/17/2015,Quarter3,sweing,Tuesday,4,0.75,30.1,849.0,7020,45,0.0,0,1,58.0,0.750356125,2,0,0,0,0,1,0
812,2/17/2015,Quarter3,sweing,Tuesday,7,0.7,30.1,562.0,840,30,0.0,0,1,59.0,0.700888203,2,0,0,0,0,1,0
813,2/17/2015,Quarter3,sweing,Tuesday,11,0.7,11.41,1054.0,3420,30,0.0,0,2,56.0,0.700614035,2,0,0,0,0,1,0
814,2/17/2015,Quarter3,sweing,Tuesday,3,0.7,30.1,1422.0,6960,50,0.0,0,1,58.0,0.700603448,2,0,0,0,0,1,0
816,2/17/2015,Quarter3,sweing,Tuesday,5,0.8,30.1,680.0,7140,0,0.0,0,0,59.0,0.653431373,2,0,0,0,0,1,0
817,2/17/2015,Quarter3,sweing,Tuesday,9,0.65,18.79,2120.0,5520,0,0.0,0,1,51.0,0.650134,2,0,0,0,0,1,0
818,2/17/2015,Quarter3,sweing,Tuesday,8,0.6,29.4,179.0,0,23,5.0,30,2,58.0,0.600982906,2,0,0,0,0,1,0
821,2/17/2015,Quarter3,sweing,Tuesday,2,0.5,30.33,838.0,6720,0,0.0,0,1,56.0,0.361071429,2,0,0,0,0,1,0
822,2/17/2015,Quarter3,sweing,Tuesday,10,0.65,18.22,741.0,0,0,8.0,35,1,49.0,0.302117347,2,0,0,0,0,1,0
826,2/18/2015,Quarter3,sweing,Wednesday,11,0.7,11.41,685.0,3360,30,0.0,0,2,56.0,0.8211125,2,0,0,0,0,0,1
827,2/18/2015,Quarter3,sweing,Wednesday,4,0.8,30.1,864.0,480,50,0.0,0,1,58.0,0.800980392,2,0,0,0,0,0,1
828,2/18/2015,Quarter3,sweing,Wednesday,5,0.8,30.1,511.0,0,0,0.0,0,0,59.0,0.800980392,2,0,0,0,0,0,1
829,2/18/2015,Quarter3,sweing,Wednesday,12,0.8,15.26,1095.0,4080,63,0.0,0,0,34.0,0.800401961,2,0,0,0,0,0,1
830,2/18/2015,Quarter3,sweing,Wednesday,1,0.8,22.52,1374.0,3960,63,0.0,0,0,57.0,0.800279693,2,0,0,0,0,0,1
831,2/18/2015,Quarter3,sweing,Wednesday,6,0.75,18.79,759.0,3960,34,0.0,0,0,33.0,0.75065101,2,0,0,0,0,0,1
832,2/18/2015,Quarter3,sweing,Wednesday,7,0.75,30.1,553.0,2280,45,0.0,0,1,59.0,0.75053268,2,0,0,0,0,0,1
834,2/18/2015,Quarter3,sweing,Wednesday,3,0.7,30.1,1057.0,0,40,0.0,0,1,58.0,0.700603448,2,0,0,0,0,0,1
835,2/18/2015,Quarter3,sweing,Wednesday,9,0.7,18.79,1587.0,4560,30,0.0,0,1,51.0,0.70009573,2,0,0,0,0,0,1
840,2/18/2015,Quarter3,sweing,Wednesday,2,0.6,30.33,868.0,6840,0,0.0,0,1,57.0,0.328131579,2,0,0,0,0,0,1
841,2/18/2015,Quarter3,sweing,Wednesday,10,0.7,19.68,1119.0,5640,0,8.0,35,1,47.0,0.303574468,2,0,0,0,0,0,1
843,2/18/2015,Quarter3,sweing,Wednesday,8,0.65,29.4,962.0,4560,0,4.5,30,2,57.0,0.251399254,2,0,0,0,0,0,1
845,2/19/2015,Quarter3,sweing,Thursday,12,0.8,15.26,1126.0,1080,38,0.0,0,0,34.0,0.800711494,2,0,0,0,1,0,0
846,2/19/2015,Quarter3,sweing,Thursday,1,0.8,22.52,265.0,3840,63,0.0,0,0,57.0,0.800470513,2,0,0,0,1,0,0
847,2/19/2015,Quarter3,sweing,Thursday,4,0.8,30.1,859.0,7020,63,0.0,0,1,58.5,0.800094017,2,0,0,0,1,0,0
848,2/19/2015,Quarter3,sweing,Thursday,5,0.8,30.1,276.0,600,63,3.5,15,0,59.5,0.799982853,2,0,0,0,1,0,0
850,2/19/2015,Quarter3,sweing,Thursday,6,0.75,18.79,899.0,3960,56,0.0,0,0,33.0,0.75065101,2,0,0,0,1,0,0
853,2/19/2015,Quarter3,sweing,Thursday,3,0.7,30.1,247.0,6960,50,0.0,0,1,58.0,0.700603448,2,0,0,0,1,0,0
854,2/19/2015,Quarter3,sweing,Thursday,11,0.7,11.41,653.0,3480,30,0.0,0,2,58.0,0.700540441,2,0,0,0,1,0,0
855,2/19/2015,Quarter3,sweing,Thursday,8,0.7,29.4,1116.0,6240,0,0.0,0,2,57.0,0.7,2,0,0,0,1,0,0
858,2/19/2015,Quarter3,sweing,Thursday,9,0.7,18.79,1603.0,6120,30,0.0,0,1,51.0,0.638614379,2,0,0,0,1,0,0
860,2/19/2015,Quarter3,sweing,Thursday,7,0.75,30.1,444.0,0,0,5.0,20,1,59.0,0.611140537,2,0,0,0,1,0,0
862,2/19/2015,Quarter3,sweing,Thursday,2,0.65,30.33,841.0,6840,0,0.0,0,1,57.0,0.585315789,2,0,0,0,1,0,0
863,2/19/2015,Quarter3,sweing,Thursday,10,0.7,19.68,1410.0,5760,0,0.0,0,1,48.0,0.249416667,2,0,0,0,1,0,0
868,2/22/2015,Quarter4,sweing,Sunday,12,0.8,15.26,1103.0,4080,63,0.0,0,0,34.0,0.800401961,2,0,0,1,0,0,0
869,2/22/2015,Quarter4,sweing,Sunday,4,0.8,30.1,922.0,5820,63,0.0,0,1,59.0,0.80000295,2,0,0,1,0,0,0
872,2/22/2015,Quarter4,sweing,Sunday,6,0.75,18.79,1055.0,3960,45,0.0,0,0,33.0,0.75065101,2,0,0,1,0,0,0
874,2/22/2015,Quarter4,sweing,Sunday,8,0.7,29.4,1146.0,6840,40,0.0,0,2,57.0,0.700614035,2,0,0,1,0,0,0
875,2/22/2015,Quarter4,sweing,Sunday,2,0.7,30.33,746.0,6840,0,0.0,0,1,57.0,0.700605263,2,0,0,1,0,0,0
876,2/22/2015,Quarter4,sweing,Sunday,11,0.75,11.41,834.0,3480,0,0.0,0,2,58.0,0.672140805,2,0,0,1,0,0,0
877,2/22/2015,Quarter4,sweing,Sunday,9,0.7,18.79,1717.0,3240,30,0.0,0,1,57.0,0.627011183,2,0,0,1,0,0,0
878,2/22/2015,Quarter4,sweing,Sunday,3,0.7,30.1,1041.0,8160,33,0.0,0,2,58.0,0.626577778,2,0,0,1,0,0,0
879,2/22/2015,Quarter4,sweing,Sunday,10,0.7,21.25,1531.0,6000,0,0.0,0,1,50.0,0.456875,2,0,0,1,0,0,0
880,2/22/2015,Quarter4,sweing,Sunday,7,0.75,30.1,627.0,6960,0,3.5,20,1,58.0,0.393548851,2,0,0,1,0,0,0
882,2/22/2015,Quarter4,sweing,Sunday,5,0.8,30.1,450.0,5700,0,4.5,25,0,60.0,0.307501459,2,0,0,1,0,0,0
888,2/23/2015,Quarter4,sweing,Monday,12,0.8,15.26,1060.0,4080,63,0.0,0,0,34.0,0.800401961,2,1,0,0,0,0,0
889,2/23/2015,Quarter4,sweing,Monday,4,0.8,30.1,891.0,7140,38,0.0,0,1,59.0,0.800137255,2,1,0,0,0,0,0
890,2/23/2015,Quarter4,sweing,Monday,5,0.8,30.1,541.0,7140,38,0.0,0,0,59.0,0.800137255,2,1,0,0,0,0,0
891,2/23/2015,Quarter4,sweing,Monday,7,0.75,30.1,709.0,6960,45,0.0,0,1,58.0,0.750770115,2,1,0,0,0,0,0
892,2/23/2015,Quarter4,sweing,Monday,6,0.75,18.79,1100.0,3960,45,0.0,0,0,33.0,0.75065101,2,1,0,0,0,0,0
893,2/23/2015,Quarter4,sweing,Monday,11,0.75,11.41,826.0,2820,0,0.0,0,2,58.0,0.750293939,2,1,0,0,0,0,0
894,2/23/2015,Quarter4,sweing,Monday,2,0.7,30.33,577.0,2160,30,0.0,0,1,58.0,0.700623,2,1,0,0,0,0,0
895,2/23/2015,Quarter4,sweing,Monday,8,0.7,29.4,1094.0,6840,40,0.0,0,2,57.0,0.700614035,2,1,0,0,0,0,0
896,2/23/2015,Quarter4,sweing,Monday,3,0.7,29.4,1228.0,6960,30,0.0,0,2,58.0,0.700362069,2,1,0,0,0,0,0
897,2/23/2015,Quarter4,sweing,Monday,9,0.7,18.79,1641.0,6000,40,0.0,0,1,50.0,0.60128,2,1,0,0,0,0,0
898,2/23/2015,Quarter4,sweing,Monday,10,0.7,21.25,1583.0,6000,0,0.0,0,1,50.0,0.417916667,2,1,0,0,0,0,0
905,2/24/2015,Quarter4,sweing,Tuesday,12,0.8,15.26,1062.0,4080,50,0.0,0,0,34.0,0.800401961,2,0,0,0,0,1,0
906,2/24/2015,Quarter4,sweing,Tuesday,5,0.8,30.1,450.0,7140,50,0.0,0,0,60.0,0.800137255,2,0,0,0,0,1,0
907,2/24/2015,Quarter4,sweing,Tuesday,4,0.8,30.1,901.0,6480,50,0.0,0,1,59.0,0.800071839,2,0,0,0,0,1,0
909,2/24/2015,Quarter4,sweing,Tuesday,7,0.75,30.1,739.0,5640,45,0.0,0,1,59.0,0.750727326,2,0,0,0,0,1,0
910,2/24/2015,Quarter4,sweing,Tuesday,6,0.75,18.79,913.0,3360,45,0.0,0,0,33.0,0.75065101,2,0,0,0,0,1,0
911,2/24/2015,Quarter4,sweing,Tuesday,11,0.75,11.61,698.0,3360,34,0.0,0,2,57.0,0.750437269,2,0,0,0,0,1,0
912,2/24/2015,Quarter4,sweing,Tuesday,3,0.75,29.4,1172.0,5340,45,0.0,0,2,60.0,0.750176991,2,0,0,0,0,1,0
915,2/24/2015,Quarter4,sweing,Tuesday,2,0.7,30.33,408.0,1680,30,0.0,0,1,59.0,0.700623,2,0,0,0,0,1,0
916,2/24/2015,Quarter4,sweing,Tuesday,8,0.7,29.4,1079.0,4560,40,0.0,0,2,58.0,0.700518519,2,0,0,0,0,1,0
917,2/24/2015,Quarter4,sweing,Tuesday,9,0.7,18.79,1068.0,3000,30,0.0,0,1,52.0,0.700256795,2,0,0,0,0,1,0
919,2/24/2015,Quarter4,sweing,Tuesday,10,0.7,21.25,1834.0,6360,0,0.0,0,1,53.0,0.471108491,2,0,0,0,0,1,0
921,2/24/2015,Quarter4,sweing,Tuesday,1,0.6,22.53,708.0,5040,0,0.0,0,1,42.0,0.268214286,2,0,0,0,0,1,0
922,2/25/2015,Quarter4,sweing,Wednesday,9,0.75,18.79,1085.0,6240,56,0.0,0,1,52.0,0.970816667,2,0,0,0,0,0,1
927,2/25/2015,Quarter4,sweing,Wednesday,4,0.8,30.1,323.0,4080,50,0.0,0,1,59.0,0.800808642,2,0,0,0,0,0,1
928,2/25/2015,Quarter4,sweing,Wednesday,12,0.8,15.26,1053.0,4080,50,0.0,0,0,34.0,0.800401961,2,0,0,0,0,0,1
929,2/25/2015,Quarter4,sweing,Wednesday,7,0.8,30.1,786.0,7080,50,0.0,0,2,59.0,0.800115819,2,0,0,0,0,0,1
930,2/25/2015,Quarter4,sweing,Wednesday,6,0.75,18.79,1003.0,3960,45,0.0,0,1,33.0,0.75065101,2,0,0,0,0,0,1
931,2/25/2015,Quarter4,sweing,Wednesday,11,0.75,11.61,635.0,3360,45,0.0,0,0,57.0,0.750503571,2,0,0,0,0,0,1
932,2/25/2015,Quarter4,sweing,Wednesday,3,0.75,29.4,1283.0,6960,45,0.0,0,2,58.0,0.750206897,2,0,0,0,0,0,1
933,2/25/2015,Quarter4,sweing,Wednesday,8,0.7,29.4,847.0,6960,30,0.0,0,1,58.0,0.700362069,2,0,0,0,0,0,1
934,2/25/2015,Quarter4,sweing,Wednesday,2,0.7,30.33,361.0,3960,30,0.0,0,1,58.0,0.700069811,2,0,0,0,0,0,1
935,2/25/2015,Quarter4,sweing,Wednesday,10,0.7,21.82,1653.0,6240,0,0.0,0,2,52.0,0.700058333,2,0,0,0,0,0,1
938,2/25/2015,Quarter4,sweing,Wednesday,5,0.8,30.1,15.0,1200,49,0.0,0,1,59.0,0.598792339,2,0,0,0,0,0,1
939,2/25/2015,Quarter4,sweing,Wednesday,1,0.65,22.53,762.0,5040,0,0.0,0,1,42.0,0.581130952,2,0,0,0,0,0,1
945,2/26/2015,Quarter4,sweing,Thursday,7,0.8,30.1,694.0,4080,50,0.0,0,1,59.0,0.800808642,2,0,0,0,1,0,0
946,2/26/2015,Quarter4,sweing,Thursday,11,0.8,11.61,816.0,2820,50,0.0,0,2,57.0,0.800516667,2,0,0,0,1,0,0
947,2/26/2015,Quarter4,sweing,Thursday,12,0.8,15.26,1065.0,4080,63,0.0,0,0,34.0,0.800401961,2,0,0,0,1,0,0
949,2/26/2015,Quarter4,sweing,Thursday,6,0.75,18.79,912.0,3960,45,0.0,0,0,33.0,0.75065101,2,0,0,0,1,0,0
950,2/26/2015,Quarter4,sweing,Thursday,3,0.75,29.4,1244.0,6840,45,0.0,0,2,57.0,0.750473684,2,0,0,0,1,0,0
951,2/26/2015,Quarter4,sweing,Thursday,9,0.75,18.79,1020.0,5640,45,0.0,0,1,52.0,0.750371895,2,0,0,0,1,0,0
952,2/26/2015,Quarter4,sweing,Thursday,8,0.75,29.4,916.0,6960,56,0.0,0,2,58.0,0.750206897,2,0,0,0,1,0,0
953,2/26/2015,Quarter4,sweing,Thursday,10,0.7,21.82,1591.0,3240,0,0.0,0,1,52.0,0.700251773,2,0,0,0,1,0,0
954,2/26/2015,Quarter4,sweing,Thursday,2,0.7,30.33,398.0,6960,0,0.0,0,1,58.0,0.66237931,2,0,0,0,1,0,0
957,2/26/2015,Quarter4,sweing,Thursday,4,0.8,30.1,437.0,7080,32,0.0,0,2,59.0,0.495617514,2,0,0,0,1,0,0
958,2/26/2015,Quarter4,sweing,Thursday,5,0.35,27.48,413.0,6840,38,0.0,0,1,57.0,0.449964912,2,0,0,0,1,0,0
961,2/26/2015,Quarter4,sweing,Thursday,1,0.35,26.66,1164.0,6600,23,0.0,0,2,55.0,0.378895152,2,0,0,0,1,0,0
966,2/28/2015,Quarter4,sweing,Saturday,11,0.8,11.61,954.0,0,50,0.0,0,2,58.0,0.800779018,2,0,1,0,0,0,0
967,2/28/2015,Quarter4,sweing,Saturday,12,0.8,15.26,1194.0,1700,62,0.0,0,0,34.0,0.800260821,2,0,1,0,0,0,0
968,2/28/2015,Quarter4,sweing,Saturday,7,0.8,30.1,644.0,840,38,0.0,0,1,59.0,0.799982853,2,0,1,0,0,0,0
970,2/28/2015,Quarter4,sweing,Saturday,3,0.75,29.4,1144.0,4440,45,0.0,0,2,57.0,0.750716981,2,0,1,0,0,0,0
971,2/28/2015,Quarter4,sweing,Saturday,6,0.75,18.79,1012.0,3960,45,0.0,0,0,33.0,0.75065101,2,0,1,0,0,0,0
972,2/28/2015,Quarter4,sweing,Saturday,8,0.75,29.4,792.0,4560,56,0.0,0,2,58.0,0.750425926,2,0,1,0,0,0,0
973,2/28/2015,Quarter4,sweing,Saturday,9,0.75,18.79,841.0,6240,45,0.0,0,1,52.0,0.750395513,2,0,1,0,0,0,0
974,2/28/2015,Quarter4,sweing,Saturday,10,0.7,21.82,1448.0,6120,40,0.0,0,1,51.0,0.700236601,2,0,1,0,0,0,0
975,2/28/2015,Quarter4,sweing,Saturday,2,0.7,30.33,512.0,4560,0,0.0,0,1,58.0,0.700211111,2,0,1,0,0,0,0
978,2/28/2015,Quarter4,sweing,Saturday,5,0.5,27.48,609.0,6840,30,0.0,0,1,57.0,0.550403509,2,0,1,0,0,0,0
979,2/28/2015,Quarter4,sweing,Saturday,1,0.5,26.66,1448.0,6840,30,0.0,0,2,57.0,0.550349708,2,0,1,0,0,0,0
980,2/28/2015,Quarter4,sweing,Saturday,4,0.5,26.66,556.0,6960,23,0.0,0,2,58.0,0.500258046,2,0,1,0,0,0,0
987,3/1/2015,Quarter1,sweing,Sunday,12,0.8,15.26,1106.0,4080,63,0.0,0,0,34.0,0.800401961,1,0,0,1,0,0,0
988,3/1/2015,Quarter1,sweing,Sunday,8,0.75,29.4,622.0,6240,56,0.0,0,0,57.0,0.75075,1,0,0,1,0,0,0
989,3/1/2015,Quarter1,sweing,Sunday,6,0.75,18.79,1193.0,3960,45,0.0,0,0,33.0,0.75065101,1,0,0,1,0,0,0
990,3/1/2015,Quarter1,sweing,Sunday,3,0.75,29.4,1143.0,6840,45,0.0,0,0,57.0,0.750473684,1,0,0,1,0,0,0
991,3/1/2015,Quarter1,sweing,Sunday,9,0.75,18.79,895.0,6240,34,0.0,0,0,52.0,0.750395513,1,0,0,1,0,0,0
992,3/1/2015,Quarter1,sweing,Sunday,5,0.6,27.48,549.0,6720,38,0.0,0,0,56.0,0.707446429,1,0,0,1,0,0,0
993,3/1/2015,Quarter1,sweing,Sunday,10,0.7,21.82,1393.0,5640,30,0.0,0,0,52.0,0.700236601,1,0,0,1,0,0,0
994,3/1/2015,Quarter1,sweing,Sunday,1,0.6,26.66,1578.0,6840,38,0.0,0,0,57.0,0.700019883,1,0,0,1,0,0,0
995,3/1/2015,Quarter1,sweing,Sunday,2,0.7,30.33,254.0,1800,0,0.0,0,0,58.0,0.683550607,1,0,0,1,0,0,0
996,3/1/2015,Quarter1,sweing,Sunday,11,0.8,11.61,347.0,0,50,4.0,20,0,57.0,0.682433036,1,0,0,1,0,0,0
999,3/1/2015,Quarter1,sweing,Sunday,4,0.6,26.66,692.0,6840,23,0.0,0,0,57.0,0.600239766,1,0,0,1,0,0,0
1001,3/1/2015,Quarter1,sweing,Sunday,7,0.8,30.1,934.0,6960,0,3.5,15,0,58.0,0.579511494,1,0,0,1,0,0,0
1008,3/2/2015,Quarter1,sweing,Monday,1,0.65,26.66,1527.0,6840,65,0.0,0,0,57.0,0.800579532,1,1,0,0,0,0,0
1009,3/2/2015,Quarter1,sweing,Monday,12,0.8,15.26,1035.0,4080,63,0.0,0,0,34.0,0.800401961,1,1,0,0,0,0,0
1011,3/2/2015,Quarter1,sweing,Monday,11,0.8,11.61,632.0,0,50,0.0,0,0,57.0,0.800309211,1,1,0,0,0,0,0
1012,3/2/2015,Quarter1,sweing,Monday,3,0.8,29.4,1231.0,4680,50,0.0,0,0,57.0,0.800149813,1,1,0,0,0,0,0
1013,3/2/2015,Quarter1,sweing,Monday,7,0.8,30.1,616.0,7080,0,0.0,0,0,59.0,0.800115819,1,1,0,0,0,0,0
1015,3/2/2015,Quarter1,sweing,Monday,6,0.75,18.79,947.0,2880,34,0.0,0,0,33.0,0.750797009,1,1,0,0,0,0,0
1016,3/2/2015,Quarter1,sweing,Monday,8,0.75,29.4,551.0,6840,45,0.0,0,0,57.0,0.750473684,1,1,0,0,0,0,0
1017,3/2/2015,Quarter1,sweing,Monday,9,0.75,18.79,935.0,6240,45,0.0,0,0,52.0,0.750395513,1,1,0,0,0,0,0
1018,3/2/2015,Quarter1,sweing,Monday,4,0.65,26.66,832.0,6780,55,0.0,0,0,57.0,0.750254867,1,1,0,0,0,0,0
1019,3/2/2015,Quarter1,sweing,Monday,5,0.65,27.48,544.0,6720,34,0.0,0,0,56.0,0.700903571,1,1,0,0,0,0,0
1020,3/2/2015,Quarter1,sweing,Monday,10,0.7,21.82,1511.0,3600,30,0.0,0,0,51.0,0.70013604,1,1,0,0,0,0,0
1027,3/3/2015,Quarter1,sweing,Tuesday,11,0.8,11.41,601.0,0,50,0.0,0,0,56.0,0.800701754,1,0,0,0,0,1,0
1028,3/3/2015,Quarter1,sweing,Tuesday,1,0.7,26.66,1562.0,6960,60,0.0,0,0,58.0,0.800566092,1,0,0,0,0,1,0
1029,3/3/2015,Quarter1,sweing,Tuesday,12,0.8,15.26,983.0,4080,50,0.0,0,0,34.0,0.800401961,1,0,0,0,0,1,0
1030,3/3/2015,Quarter1,sweing,Tuesday,3,0.8,29.4,1156.0,6840,50,0.0,0,0,57.0,0.800333333,1,0,0,0,0,1,0
1031,3/3/2015,Quarter1,sweing,Tuesday,7,0.8,30.1,29.0,7080,50,0.0,0,0,59.0,0.800115819,1,0,0,0,0,1,0
1032,3/3/2015,Quarter1,sweing,Tuesday,4,0.7,26.66,950.0,6960,50,0.0,0,0,58.0,0.750770115,1,0,0,0,0,1,0
1033,3/3/2015,Quarter1,sweing,Tuesday,8,0.75,29.4,534.0,6840,56,0.0,0,0,57.0,0.750473684,1,0,0,0,0,1,0
1034,3/3/2015,Quarter1,sweing,Tuesday,9,0.75,18.79,1096.0,6240,34,0.0,0,0,52.0,0.750395513,1,0,0,0,0,1,0
1035,3/3/2015,Quarter1,sweing,Tuesday,6,0.75,20.2,402.0,3120,45,0.0,0,0,33.0,0.750212553,1,0,0,0,0,1,0
1037,3/3/2015,Quarter1,sweing,Tuesday,5,0.7,27.48,573.0,6840,30,0.0,0,0,57.0,0.700659649,1,0,0,0,0,1,0
1038,3/3/2015,Quarter1,sweing,Tuesday,10,0.7,21.82,1313.0,5040,30,0.0,0,0,51.0,0.699984417,1,0,0,0,0,1,0
1046,3/3/2015,Quarter1,sweing,Tuesday,2,0.4,15.28,157.0,5400,0,6.5,30,1,45.0,0.30277037,1,0,0,0,0,1,0
1053,3/4/2015,Quarter1,sweing,Wednesday,11,0.8,11.41,433.0,0,38,0.0,0,0,56.0,0.800701754,1,0,0,0,0,0,1
1054,3/4/2015,Quarter1,sweing,Wednesday,12,0.8,15.26,961.0,4080,50,0.0,0,0,34.0,0.800401961,1,0,0,0,0,0,1
1055,3/4/2015,Quarter1,sweing,Wednesday,3,0.8,29.4,1169.0,6840,63,0.0,0,0,57.0,0.800333333,1,0,0,0,0,0,1
1056,3/4/2015,Quarter1,sweing,Wednesday,7,0.8,30.1,874.0,3960,50,0.0,0,0,59.0,0.800055762,1,0,0,0,0,0,1
1057,3/4/2015,Quarter1,sweing,Wednesday,4,0.7,26.82,1028.0,6960,60,0.0,0,0,58.0,0.799975862,1,0,0,0,0,0,1
1058,3/4/2015,Quarter1,sweing,Wednesday,1,0.7,26.82,1772.0,6960,50,0.0,0,0,58.0,0.750651724,1,0,0,0,0,0,1
1059,3/4/2015,Quarter1,sweing,Wednesday,9,0.75,18.79,1206.0,6240,34,0.0,0,0,52.0,0.750395513,1,0,0,0,0,0,1
1060,3/4/2015,Quarter1,sweing,Wednesday,5,0.7,27.48,586.0,6960,40,0.0,0,0,58.0,0.700424138,1,0,0,0,0,0,1
1061,3/4/2015,Quarter1,sweing,Wednesday,10,0.7,21.82,1334.0,5760,30,0.0,0,0,53.0,0.700058333,1,0,0,0,0,0,1
1065,3/4/2015,Quarter1,sweing,Wednesday,8,0.8,29.4,30.0,6840,0,0.0,0,0,57.0,0.433263158,1,0,0,0,0,0,1
1066,3/4/2015,Quarter1,sweing,Wednesday,2,0.5,15.28,261.0,5520,0,0.0,0,1,46.0,0.404144928,1,0,0,0,0,0,1
1067,3/4/2015,Quarter1,sweing,Wednesday,6,0.75,18.79,52.0,3960,0,0.0,0,0,33.0,0.332146465,1,0,0,0,0,0,1
1075,3/5/2015,Quarter1,sweing,Thursday,11,0.8,11.41,455.0,3420,50,0.0,0,0,56.0,0.800701754,1,0,0,0,1,0,0
1076,3/5/2015,Quarter1,sweing,Thursday,3,0.8,29.4,797.0,1800,63,0.0,0,0,57.0,0.800534979,1,0,0,0,1,0,0
1077,3/5/2015,Quarter1,sweing,Thursday,12,0.8,15.26,959.0,4080,50,0.0,0,0,34.0,0.800401961,1,0,0,0,1,0,0
1078,3/5/2015,Quarter1,sweing,Thursday,1,0.7,26.82,1373.0,6960,50,0.0,0,0,58.0,0.750651724,1,0,0,0,1,0,0
1079,3/5/2015,Quarter1,sweing,Thursday,9,0.75,18.79,1228.0,6240,45,0.0,0,0,52.0,0.750395513,1,0,0,0,1,0,0
1080,3/5/2015,Quarter1,sweing,Thursday,4,0.7,26.82,1117.0,7080,50,0.0,0,0,59.0,0.750050847,1,0,0,0,1,0,0
1081,3/5/2015,Quarter1,sweing,Thursday,5,0.7,27.48,230.0,6960,40,0.0,0,0,58.0,0.700424138,1,0,0,0,1,0,0
1082,3/5/2015,Quarter1,sweing,Thursday,10,0.7,21.82,1390.0,6000,30,0.0,0,0,50.0,0.700422,1,0,0,0,1,0,0
1083,3/5/2015,Quarter1,sweing,Thursday,2,0.6,15.28,529.0,1320,0,0.0,0,1,46.0,0.600099145,1,0,0,0,1,0,0
1085,3/5/2015,Quarter1,sweing,Thursday,7,0.8,30.1,834.0,1200,0,4.0,40,0,59.0,0.366053523,1,0,0,0,1,0,0
1086,3/5/2015,Quarter1,sweing,Thursday,6,0.35,22.53,1450.0,2640,0,0.0,0,1,39.0,0.26369382,1,0,0,0,1,0,0
1088,3/7/2015,Quarter1,sweing,Saturday,12,0.8,15.26,986.0,4080,75,0.0,0,0,34.0,0.850520588,1,0,1,0,0,0,0
1089,3/7/2015,Quarter1,sweing,Saturday,1,0.7,26.82,1267.0,8160,70,0.0,0,0,58.0,0.850045,1,0,1,0,0,0,0
1092,3/7/2015,Quarter1,sweing,Saturday,4,0.7,26.82,1195.0,6960,60,0.0,0,0,58.0,0.800746552,1,0,1,0,0,0,0
1093,3/7/2015,Quarter1,sweing,Saturday,3,0.8,29.4,983.0,6840,63,0.0,0,1,57.0,0.800578947,1,0,1,0,0,0,0
1094,3/7/2015,Quarter1,sweing,Saturday,11,0.8,11.41,471.0,3420,50,0.0,0,0,58.0,0.800034503,1,0,1,0,0,0,0
1096,3/7/2015,Quarter1,sweing,Saturday,9,0.75,18.79,1226.0,3480,45,0.0,0,0,51.0,0.749987124,1,0,1,0,0,0,0
1097,3/7/2015,Quarter1,sweing,Saturday,10,0.7,21.82,1251.0,6000,30,0.0,0,0,50.0,0.700422,1,0,1,0,0,0,0
1101,3/7/2015,Quarter1,sweing,Saturday,2,0.65,16.1,626.0,4200,0,0.0,0,1,45.0,0.65024031,1,0,1,0,0,0,0
1104,3/7/2015,Quarter1,sweing,Saturday,6,0.5,23.41,1379.0,2280,0,0.0,0,1,39.0,0.500528095,1,0,1,0,0,0,0
1105,3/7/2015,Quarter1,sweing,Saturday,5,0.7,27.48,541.0,6960,24,0.0,0,1,58.0,0.408960345,1,0,1,0,0,0,0
1113,3/8/2015,Quarter2,sweing,Sunday,4,0.75,26.82,1082.0,6840,65,0.0,0,0,57.0,0.850084211,2,0,0,1,0,0,0
1114,3/8/2015,Quarter2,sweing,Sunday,1,0.75,26.82,1254.0,6960,65,0.0,0,0,58.0,0.85007069,2,0,0,1,0,0,0
1115,3/8/2015,Quarter2,sweing,Sunday,3,0.8,30.1,1278.0,3360,50,0.0,0,1,57.0,0.800511068,2,0,0,1,0,0,0
1116,3/8/2015,Quarter2,sweing,Sunday,12,0.8,15.26,1064.0,4080,63,0.0,0,0,34.0,0.800401961,2,0,0,1,0,0,0
1117,3/8/2015,Quarter2,sweing,Sunday,11,0.8,11.41,313.0,3420,50,0.0,0,0,58.0,0.800034503,2,0,0,1,0,0,0
1119,3/8/2015,Quarter2,sweing,Sunday,9,0.75,18.79,1239.0,5640,45,0.0,0,0,52.0,0.750371895,2,0,0,1,0,0,0
1120,3/8/2015,Quarter2,sweing,Sunday,10,0.7,21.82,1335.0,6000,30,0.0,0,0,50.0,0.700422,2,0,0,1,0,0,0
1121,3/8/2015,Quarter2,sweing,Sunday,2,0.7,16.1,928.0,4800,30,0.0,0,1,45.0,0.700106061,2,0,0,1,0,0,0
1122,3/8/2015,Quarter2,sweing,Sunday,6,0.6,23.41,1266.0,2520,23,0.0,0,1,38.0,0.601037091,2,0,0,1,0,0,0
1123,3/8/2015,Quarter2,sweing,Sunday,8,0.6,30.48,869.0,6720,0,0.0,0,1,56.0,0.600528571,2,0,0,1,0,0,0
1124,3/8/2015,Quarter2,sweing,Sunday,5,0.5,26.82,711.0,7080,23,0.0,0,1,59.0,0.500033898,2,0,0,1,0,0,0
1131,3/9/2015,Quarter2,sweing,Monday,4,0.75,26.82,1079.0,7020,65,0.0,0,0,58.0,0.850446154,2,1,0,0,0,0,0
1132,3/9/2015,Quarter2,sweing,Monday,1,0.75,26.82,1322.0,7140,65,0.0,0,0,59.0,0.850426891,2,1,0,0,0,0,0
1134,3/9/2015,Quarter2,sweing,Monday,3,0.8,30.1,964.0,5160,50,0.0,0,1,58.0,0.800842424,2,1,0,0,0,0,0
1135,3/9/2015,Quarter2,sweing,Monday,12,0.8,15.26,1132.0,4080,63,0.0,0,0,34.0,0.800401961,2,1,0,0,0,0,0
1136,3/9/2015,Quarter2,sweing,Monday,11,0.8,11.41,357.0,3420,50,0.0,0,0,58.0,0.800034503,2,1,0,0,0,0,0
1140,3/9/2015,Quarter2,sweing,Monday,9,0.75,18.79,1193.0,6240,45,0.0,0,0,52.0,0.750395513,2,1,0,0,0,0,0
1141,3/9/2015,Quarter2,sweing,Monday,2,0.7,16.1,817.0,5520,30,0.0,0,1,45.0,0.700516224,2,1,0,0,0,0,0
1142,3/9/2015,Quarter2,sweing,Monday,10,0.7,21.82,1576.0,6000,30,0.0,0,0,50.0,0.700422,2,1,0,0,0,0,0
1144,3/9/2015,Quarter2,sweing,Monday,6,0.65,23.41,1262.0,4560,35,0.0,0,1,38.0,0.650962281,2,1,0,0,0,0,0
1145,3/9/2015,Quarter2,sweing,Monday,8,0.65,30.48,953.0,6720,26,0.0,0,1,56.0,0.650421429,2,1,0,0,0,0,0
1146,3/9/2015,Quarter2,sweing,Monday,5,0.6,26.82,919.0,7080,23,0.0,0,1,59.0,0.600040678,2,1,0,0,0,0,0
1147,3/9/2015,Quarter2,sweing,Monday,7,0.5,30.48,1161.0,6600,0,0.0,0,1,55.0,0.500610909,2,1,0,0,0,0,0
1152,3/10/2015,Quarter2,sweing,Tuesday,1,0.75,26.82,1574.0,7080,75,0.0,0,0,59.0,0.900061017,2,0,0,0,0,1,0
1156,3/10/2015,Quarter2,sweing,Tuesday,4,0.75,26.82,1104.0,5880,65,0.0,0,0,59.0,0.850084211,2,0,0,0,0,1,0
1158,3/10/2015,Quarter2,sweing,Tuesday,12,0.8,15.26,1069.0,4080,63,0.0,0,0,34.0,0.800401961,2,0,0,0,0,1,0
1159,3/10/2015,Quarter2,sweing,Tuesday,3,0.8,30.1,756.0,6960,63,0.0,0,1,58.0,0.800071839,2,0,0,0,0,1,0
1160,3/10/2015,Quarter2,sweing,Tuesday,11,0.8,11.41,338.0,3420,50,0.0,0,0,58.0,0.800034503,2,0,0,0,0,1,0
1162,3/10/2015,Quarter2,sweing,Tuesday,10,0.75,21.82,1499.0,6000,34,0.0,0,0,50.0,0.750608,2,0,0,0,0,1,0
1163,3/10/2015,Quarter2,sweing,Tuesday,9,0.75,18.79,1247.0,6240,45,0.0,0,0,52.0,0.750395513,2,0,0,0,0,1,0
1165,3/10/2015,Quarter2,sweing,Tuesday,8,0.7,30.48,923.0,6840,30,0.0,0,1,57.0,0.700505263,2,0,0,0,0,1,0
1166,3/10/2015,Quarter2,sweing,Tuesday,6,0.7,23.41,1180.0,4560,30,0.0,0,1,38.0,0.700246491,2,0,0,0,0,1,0
1167,3/10/2015,Quarter2,sweing,Tuesday,2,0.7,16.1,957.0,5400,40,0.0,0,1,45.0,0.700051852,2,0,0,0,0,1,0
1168,3/10/2015,Quarter2,sweing,Tuesday,5,0.65,26.82,1001.0,7080,26,0.0,0,1,59.0,0.650044068,2,0,0,0,0,1,0
1169,3/10/2015,Quarter2,sweing,Tuesday,7,0.6,30.48,1017.0,6840,25,0.0,0,1,57.0,0.630402924,2,0,0,0,0,1,0
1178,3/11/2015,Quarter2,sweing,Wednesday,12,0.8,15.26,470.0,4080,63,0.0,0,0,34.0,0.800401961,2,0,0,0,0,0,1
1179,3/11/2015,Quarter2,sweing,Wednesday,3,0.8,30.1,735.0,6960,63,0.0,0,1,58.0,0.800071839,2,0,0,0,0,0,1
1180,3/11/2015,Quarter2,sweing,Wednesday,11,0.8,11.41,560.0,3420,50,0.0,0,0,58.0,0.800034503,2,0,0,0,0,0,1
1183,3/11/2015,Quarter2,sweing,Wednesday,10,0.75,21.82,1674.0,6000,34,0.0,0,0,50.0,0.750608,2,0,0,0,0,0,1
1184,3/11/2015,Quarter2,sweing,Wednesday,9,0.75,18.79,290.0,5040,45,0.0,0,0,52.0,0.750347333,2,0,0,0,0,0,1
1185,3/11/2015,Quarter2,sweing,Wednesday,2,0.75,16.1,971.0,5400,45,0.0,0,1,45.0,0.750140741,2,0,0,0,0,0,1
1186,3/11/2015,Quarter2,sweing,Wednesday,1,0.75,26.82,1322.0,7080,45,0.0,0,0,59.0,0.750050847,2,0,0,0,0,0,1
1187,3/11/2015,Quarter2,sweing,Wednesday,4,0.75,26.82,1054.0,7080,45,0.0,0,0,59.0,0.750050847,2,0,0,0,0,0,1
1188,3/11/2015,Quarter2,sweing,Wednesday,5,0.7,26.82,992.0,6960,30,0.0,0,1,58.0,0.700556897,2,0,0,0,0,0,1
1189,3/11/2015,Quarter2,sweing,Wednesday,8,0.7,30.48,914.0,6840,30,0.0,0,1,57.0,0.700505263,2,0,0,0,0,0,1
1190,3/11/2015,Quarter2,sweing,Wednesday,6,0.7,23.41,1128.0,4560,40,0.0,0,1,38.0,0.700246491,2,0,0,0,0,0,1
1191,3/11/2015,Quarter2,sweing,Wednesday,7,0.65,30.48,935.0,6840,26,0.0,0,1,57.0,0.650596491,2,0,0,0,0,0,1
