,date,quarter,department,day,team,targeted_productivity,smv,over_time,incentive,idle_time,idle_men,no_of_style_change,no_of_workers,actual_productivity
18,1/1/2015,Quarter1,finishing,Thursday,11,0.7,4.15,1440,0,0.0,0,0,12.0,0.436326389
602,2/4/2015,Quarter1,finishing,Wednesday,2,0.8,3.94,2160,0,0.0,0,0,18.0,0.966759259
603,2/4/2015,Quarter1,finishing,Wednesday,1,0.8,3.94,1200,0,0.0,0,0,10.0,0.929183333
604,2/4/2015,Quarter1,finishing,Wednesday,8,0.7,4.15,3000,0,0.0,0,0,25.0,0.915766667
608,2/4/2015,Quarter1,finishing,Wednesday,7,0.7,3.94,960,0,0.0,0,0,8.0,0.779791667
609,2/4/2015,Quarter1,finishing,Wednesday,9,0.75,3.94,960,0,0.0,0,0,8.0,0.755166667
616,2/4/2015,Quarter1,finishing,Wednesday,6,0.7,2.9,960,0,0.0,0,0,8.0,0.531666667
621,2/5/2015,Quarter1,finishing,Thursday,2,0.8,3.94,2640,0,0.0,0,0,22.0,0.999924242
623,2/5/2015,Quarter1,finishing,Thursday,6,0.7,2.9,960,0,0.0,0,0,8.0,0.9425
624,2/5/2015,Quarter1,finishing,Thursday,12,0.8,4.08,1080,0,0.0,0,0,9.0,0.906666667
625,2/5/2015,Quarter1,finishing,Thursday,7,0.7,3.94,1200,0,0.0,0,0,10.0,0.8471
626,2/5/2015,Quarter1,finishing,Thursday,1,0.8,3.94,1440,0,0.0,0,0,12.0,0.845458333
629,2/5/2015,Quarter1,finishing,Thursday,10,0.8,3.94,960,0,0.0,0,0,8.0,0.771583333
636,2/7/2015,Quarter1,finishing,Saturday,2,0.8,3.94,3000,0,0.0,0,0,25.0,1.050666667
641,2/7/2015,Quarter1,finishing,Saturday,12,0.8,4.08,1080,0,0.0,0,0,9.0,0.899111111
642,2/7/2015,Quarter1,finishing,Saturday,1,0.8,3.94,1200,0,0.0,0,0,10.0,0.870083333
643,2/7/2015,Quarter1,finishing,Saturday,6,0.75,2.9,960,0,0.0,0,0,8.0,0.845833333
646,2/7/2015,Quarter1,finishing,Saturday,9,0.8,3.94,960,0,0.0,0,0,8.0,0.771583333
649,2/7/2015,Quarter1,finishing,Saturday,7,0.7,3.94,1200,0,0.0,0,0,10.0,0.715766667
653,2/7/2015,Quarter1,finishing,Saturday,4,0.8,4.3,960,0,0.0,0,0,8.0,0.447916667
656,2/8/2015,Quarter2,finishing,Sunday,7,0.7,4.15,1440,0,0.0,0,0,12.0,0.928680556
660,2/8/2015,Quarter2,finishing,Sunday,1,0.8,3.94,1200,0,0.0,0,0,10.0,0.893066667
661,2/8/2015,Quarter2,finishing,Sunday,12,0.8,4.08,1080,0,0.0,0,0,9.0,0.891555556
662,2/8/2015,Quarter2,finishing,Sunday,2,0.8,3.94,2160,0,0.0,0,0,18.0,0.875555556
663,2/8/2015,Quarter2,finishing,Sunday,8,0.7,4.15,1800,0,0.0,0,0,15.0,0.840888889
669,2/8/2015,Quarter2,finishing,Sunday,6,0.75,2.9,960,0,0.0,0,0,8.0,0.610208333
670,2/8/2015,Quarter2,finishing,Sunday,9,0.8,3.94,960,0,0.0,0,0,8.0,0.607416667
674,2/9/2015,Quarter2,finishing,Monday,2,0.8,3.94,2160,0,0.0,0,0,18.0,1.057962963
675,2/9/2015,Quarter2,finishing,Monday,1,0.8,3.94,1200,0,0.0,0,0,10.0,0.962016667
679,2/9/2015,Quarter2,finishing,Monday,6,0.75,2.9,960,0,0.0,0,0,8.0,0.888125
685,2/9/2015,Quarter2,finishing,Monday,8,0.35,4.15,1800,0,0.0,0,0,15.0,0.707111111
687,2/9/2015,Quarter2,finishing,Monday,9,0.8,3.94,960,0,0.0,0,0,8.0,0.697708333
691,2/9/2015,Quarter2,finishing,Monday,12,0.8,4.08,1080,0,0.0,0,0,9.0,0.272
692,2/10/2015,Quarter2,finishing,Tuesday,12,0.8,4.08,1080,0,0.0,0,0,9.0,1.004888889
693,2/10/2015,Quarter2,finishing,Tuesday,2,0.8,3.94,2160,0,0.0,0,0,18.0,0.966759259
698,2/10/2015,Quarter2,finishing,Tuesday,1,0.8,3.94,1440,0,0.0,0,0,12.0,0.853666667
701,2/10/2015,Quarter2,finishing,Tuesday,4,0.7,4.15,1800,0,0.0,0,0,15.0,0.796755556
705,2/10/2015,Quarter2,finishing,Tuesday,8,0.35,4.15,960,0,0.0,0,0,8.0,0.703770833
707,2/10/2015,Quarter2,finishing,Tuesday,9,0.8,3.94,960,0,0.0,0,0,8.0,0.6895
708,2/10/2015,Quarter2,finishing,Tuesday,6,0.75,2.9,960,0,0.0,0,0,8.0,0.628333333
711,2/11/2015,Quarter2,finishing,Wednesday,4,0.7,4.15,1800,0,0.0,0,0,15.0,1.033155556
712,2/11/2015,Quarter2,finishing,Wednesday,12,0.8,4.08,1080,0,0.0,0,0,9.0,1.02
715,2/11/2015,Quarter2,finishing,Wednesday,8,0.35,4.15,1440,0,0.0,0,0,12.0,0.994375
716,2/11/2015,Quarter2,finishing,Wednesday,2,0.8,3.94,2160,0,0.0,0,0,18.0,0.912037037
717,2/11/2015,Quarter2,finishing,Wednesday,5,0.7,4.15,240,0,0.0,0,0,2.0,0.87
725,2/11/2015,Quarter2,finishing,Wednesday,1,0.8,3.94,1440,0,0.0,0,0,12.0,0.618361111
727,2/11/2015,Quarter2,finishing,Wednesday,9,0.8,3.94,960,0,0.0,0,0,8.0,0.54175
731,2/12/2015,Quarter2,finishing,Thursday,4,0.7,4.15,1800,0,0.0,0,0,15.0,1.096633333
733,2/12/2015,Quarter2,finishing,Thursday,12,0.8,4.08,1080,0,0.0,0,0,9.0,0.838666667
735,2/12/2015,Quarter2,finishing,Thursday,8,0.35,4.15,1440,0,0.0,0,0,12.0,0.755486111
738,2/12/2015,Quarter2,finishing,Thursday,1,0.8,3.94,1440,0,0.0,0,0,12.0,0.664875
739,2/12/2015,Quarter2,finishing,Thursday,9,0.8,3.94,960,0,0.0,0,0,8.0,0.656666667
741,2/12/2015,Quarter2,finishing,Thursday,2,0.8,3.94,2160,0,0.0,0,0,18.0,0.601944444
742,2/12/2015,Quarter2,finishing,Thursday,5,0.7,4.15,240,0,0.0,0,0,2.0,0.58
750,2/14/2015,Quarter2,finishing,Saturday,7,0.7,4.15,1800,0,0.0,0,0,15.0,0.929277778
751,2/14/2015,Quarter2,finishing,Saturday,4,0.75,4.15,2400,0,0.0,0,0,20.0,0.902916667
752,2/14/2015,Quarter2,finishing,Saturday,12,0.8,4.08,1080,0,0.0,0,0,9.0,0.800888889
755,2/14/2015,Quarter2,finishing,Saturday,1,0.8,3.94,1440,0,0.0,0,0,12.0,0.796208333
758,2/14/2015,Quarter2,finishing,Saturday,8,0.7,4.15,960,0,0.0,0,0,8.0,0.725625
764,2/14/2015,Quarter2,finishing,Saturday,6,0.8,2.9,960,0,0.0,0,0,8.0,0.483333333
765,2/14/2015,Quarter2,finishing,Saturday,9,0.8,3.94,960,0,0.0,0,0,8.0,0.238041667
766,2/15/2015,Quarter3,finishing,Sunday,1,0.8,3.94,960,0,0.0,0,0,8.0,1.1204375
767,2/15/2015,Quarter3,finishing,Sunday,2,0.8,3.94,960,0,0.0,0,0,8.0,1.108125
769,2/15/2015,Quarter3,finishing,Sunday,12,0.8,4.08,1080,0,0.0,0,0,9.0,0.876444444
771,2/15/2015,Quarter3,finishing,Sunday,5,0.75,4.15,240,0,0.0,0,0,2.0,0.760833333
773,2/15/2015,Quarter3,finishing,Sunday,11,0.6,2.9,1200,0,0.0,0,0,10.0,0.715333333
778,2/15/2015,Quarter3,finishing,Sunday,8,0.7,4.15,960,0,0.0,0,0,8.0,0.605208333
779,2/15/2015,Quarter3,finishing,Sunday,6,0.8,2.9,960,0,0.0,0,0,8.0,0.604166667
783,2/15/2015,Quarter3,finishing,Sunday,4,0.75,4.15,2400,0,0.0,0,0,20.0,0.287041667
786,2/16/2015,Quarter3,finishing,Monday,9,0.8,3.94,1200,0,0.0,0,0,10.0,0.960433333
787,2/16/2015,Quarter3,finishing,Monday,12,0.8,4.08,1080,0,0.0,0,0,9.0,0.891555556
788,2/16/2015,Quarter3,finishing,Monday,3,0.5,4.15,960,0,0.0,0,0,8.0,0.864583333
792,2/16/2015,Quarter3,finishing,Monday,6,0.8,2.9,960,0,0.0,0,0,8.0,0.773333333
795,2/16/2015,Quarter3,finishing,Monday,4,0.75,4.15,1800,0,0.0,0,0,15.0,0.722333333
797,2/16/2015,Quarter3,finishing,Monday,5,0.75,4.15,1200,0,0.0,0,0,10.0,0.629416667
802,2/16/2015,Quarter3,finishing,Monday,7,0.7,4.15,1800,0,0.0,0,0,15.0,0.258
804,2/17/2015,Quarter3,finishing,Tuesday,10,0.8,3.94,960,0,0.0,0,0,8.0,0.927541667
805,2/17/2015,Quarter3,finishing,Tuesday,7,0.7,5.13,1200,0,0.0,0,0,10.0,0.91375
806,2/17/2015,Quarter3,finishing,Tuesday,12,0.8,5.13,1080,0,0.0,0,0,9.0,0.9025
808,2/17/2015,Quarter3,finishing,Tuesday,3,0.5,5.13,1800,0,0.0,0,0,15.0,0.7866
811,2/17/2015,Quarter3,finishing,Tuesday,6,0.8,2.9,960,0,0.0,0,0,8.0,0.749166667
815,2/17/2015,Quarter3,finishing,Tuesday,4,0.75,5.13,960,0,0.0,0,0,8.0,0.656666667
819,2/17/2015,Quarter3,finishing,Tuesday,9,0.8,3.94,960,0,0.0,0,0,8.0,0.586041667
820,2/17/2015,Quarter3,finishing,Tuesday,2,0.8,5.13,1800,0,0.0,0,0,15.0,0.5814
823,2/18/2015,Quarter3,finishing,Wednesday,12,0.8,5.13,1200,0,0.0,0,0,10.0,0.9918
824,2/18/2015,Quarter3,finishing,Wednesday,6,0.8,2.9,1440,0,0.0,0,0,12.0,0.936861111
825,2/18/2015,Quarter3,finishing,Wednesday,2,0.8,5.13,1440,0,0.0,0,0,12.0,0.919125
833,2/18/2015,Quarter3,finishing,Wednesday,4,0.75,5.13,960,0,0.0,0,0,8.0,0.734645833
836,2/18/2015,Quarter3,finishing,Wednesday,7,0.7,5.13,960,0,0.0,0,0,8.0,0.671875
837,2/18/2015,Quarter3,finishing,Wednesday,10,0.8,3.94,960,0,0.0,0,0,8.0,0.64025
838,2/18/2015,Quarter3,finishing,Wednesday,8,0.7,5.13,960,0,0.0,0,0,8.0,0.58
839,2/18/2015,Quarter3,finishing,Wednesday,9,0.8,3.94,960,0,0.0,0,0,8.0,0.549791667
842,2/18/2015,Quarter3,finishing,Wednesday,3,0.5,5.13,960,0,0.0,0,0,8.0,0.2565
844,2/19/2015,Quarter3,finishing,Thursday,3,0.5,5.13,2880,0,0.0,0,0,12.0,0.81640625
849,2/19/2015,Quarter3,finishing,Thursday,6,0.8,2.9,4320,0,0.0,0,0,18.0,0.785864198
851,2/19/2015,Quarter3,finishing,Thursday,10,0.8,3.94,2400,0,0.0,0,0,10.0,0.733277778
852,2/19/2015,Quarter3,finishing,Thursday,2,0.8,5.13,3600,0,0.0,0,0,15.0,0.710125
856,2/19/2015,Quarter3,finishing,Thursday,4,0.75,5.13,1920,0,0.0,0,0,8.0,0.684027778
857,2/19/2015,Quarter3,finishing,Thursday,8,0.7,5.13,1920,0,0.0,0,0,8.0,0.672135417
859,2/19/2015,Quarter3,finishing,Thursday,5,0.75,5.13,1920,0,0.0,0,0,8.0,0.631354167
861,2/19/2015,Quarter3,finishing,Thursday,12,0.8,5.13,2160,0,0.0,0,0,9.0,0.609583333
864,2/22/2015,Quarter4,finishing,Sunday,3,0.5,5.13,1800,0,0.0,0,0,15.0,0.8721
865,2/22/2015,Quarter4,finishing,Sunday,6,0.8,2.9,960,0,0.0,0,0,8.0,0.8319375
866,2/22/2015,Quarter4,finishing,Sunday,2,0.8,5.13,4800,0,0.0,0,0,20.0,0.8300625
867,2/22/2015,Quarter4,finishing,Sunday,11,0.6,2.9,2880,0,0.0,0,0,12.0,0.805555556
870,2/22/2015,Quarter4,finishing,Sunday,12,0.8,5.13,2400,0,0.0,0,0,10.0,0.78375
871,2/22/2015,Quarter4,finishing,Sunday,9,0.8,3.94,2400,0,0.0,0,0,10.0,0.753525
873,2/22/2015,Quarter4,finishing,Sunday,1,0.8,3.94,2880,0,0.0,0,0,12.0,0.727349537
881,2/22/2015,Quarter4,finishing,Sunday,10,0.8,3.94,960,0,0.0,0,0,8.0,0.385791667
883,2/22/2015,Quarter4,finishing,Sunday,7,0.7,5.13,960,0,0.0,0,0,8.0,0.283958333
884,2/23/2015,Quarter4,finishing,Monday,10,0.8,3.94,2400,0,0.0,0,0,20.0,0.955791667
885,2/23/2015,Quarter4,finishing,Monday,8,0.7,5.13,960,0,0.0,0,0,8.0,0.930416667
886,2/23/2015,Quarter4,finishing,Monday,12,0.8,5.13,1080,0,0.0,0,0,9.0,0.9025
887,2/23/2015,Quarter4,finishing,Monday,3,0.8,5.13,2160,0,0.0,0,0,18.0,0.87115
899,2/23/2015,Quarter4,finishing,Monday,6,0.8,2.9,960,0,0.0,0,0,8.0,0.3715625
900,2/23/2015,Quarter4,finishing,Monday,9,0.8,2.9,960,0,0.0,0,0,8.0,0.3715625
901,2/23/2015,Quarter4,finishing,Monday,2,0.8,5.13,960,0,0.0,0,0,8.0,0.36871875
902,2/23/2015,Quarter4,finishing,Monday,7,0.7,5.13,960,0,0.0,0,0,8.0,0.356458333
903,2/24/2015,Quarter4,finishing,Tuesday,10,0.7,2.9,1800,0,0.0,0,0,15.0,0.902222222
904,2/24/2015,Quarter4,finishing,Tuesday,3,0.8,4.6,1440,0,0.0,0,0,12.0,0.811388889
908,2/24/2015,Quarter4,finishing,Tuesday,8,0.7,4.6,960,0,0.0,0,0,8.0,0.791458333
913,2/24/2015,Quarter4,finishing,Tuesday,6,0.75,2.9,1800,0,0.0,0,0,15.0,0.726933333
914,2/24/2015,Quarter4,finishing,Tuesday,9,0.7,2.9,1800,0,0.0,0,0,15.0,0.726933333
918,2/24/2015,Quarter4,finishing,Tuesday,11,0.7,2.9,960,0,0.0,0,0,8.0,0.5046875
920,2/24/2015,Quarter4,finishing,Tuesday,2,0.7,3.9,960,0,0.0,0,0,8.0,0.325
923,2/25/2015,Quarter4,finishing,Wednesday,5,0.8,4.6,1080,0,0.0,0,0,9.0,0.902962963
924,2/25/2015,Quarter4,finishing,Wednesday,3,0.8,4.6,2400,0,0.0,0,0,20.0,0.900833333
925,2/25/2015,Quarter4,finishing,Wednesday,12,0.8,4.6,1800,0,0.0,0,0,15.0,0.899555556
926,2/25/2015,Quarter4,finishing,Wednesday,10,0.7,2.9,1200,0,0.0,0,0,10.0,0.845833333
936,2/25/2015,Quarter4,finishing,Wednesday,7,0.75,4.6,960,0,0.0,0,0,8.0,0.676666667
937,2/25/2015,Quarter4,finishing,Wednesday,8,0.7,4.6,960,0,0.0,0,0,8.0,0.658541667
940,2/25/2015,Quarter4,finishing,Wednesday,2,0.7,3.9,960,0,0.0,0,0,8.0,0.440375
941,2/25/2015,Quarter4,finishing,Wednesday,6,0.75,2.9,960,0,0.0,0,0,8.0,0.410833333
942,2/25/2015,Quarter4,finishing,Wednesday,9,0.7,2.9,960,0,0.0,0,0,8.0,0.410833333
943,2/26/2015,Quarter4,finishing,Thursday,3,0.8,4.6,6300,0,0.0,0,0,15.0,0.921703704
944,2/26/2015,Quarter4,finishing,Thursday,5,0.8,4.6,7560,0,0.0,0,0,18.0,0.921604938
948,2/26/2015,Quarter4,finishing,Thursday,1,0.5,3.94,3360,0,0.0,0,0,8.0,0.768847222
955,2/26/2015,Quarter4,finishing,Thursday,12,0.8,4.6,3780,0,0.0,0,0,9.0,0.590617284
956,2/26/2015,Quarter4,finishing,Thursday,2,0.7,3.9,960,0,0.0,0,0,8.0,0.5565625
959,2/26/2015,Quarter4,finishing,Thursday,10,0.7,2.9,3360,0,0.0,0,0,8.0,0.410833333
960,2/26/2015,Quarter4,finishing,Thursday,9,0.75,2.9,960,0,0.0,0,0,8.0,0.4078125
962,2/26/2015,Quarter4,finishing,Thursday,8,0.75,4.6,3360,0,0.0,0,0,8.0,0.376597222
963,2/26/2015,Quarter4,finishing,Thursday,6,0.75,2.9,3360,0,0.0,0,0,8.0,0.271875
964,2/28/2015,Quarter4,finishing,Saturday,3,0.8,4.6,6300,0,0.0,0,0,15.0,0.921703704
965,2/28/2015,Quarter4,finishing,Saturday,5,0.8,4.6,7560,0,0.0,0,0,18.0,0.921604938
969,2/28/2015,Quarter4,finishing,Saturday,1,0.5,3.94,3360,0,0.0,0,0,8.0,0.768847222
976,2/28/2015,Quarter4,finishing,Saturday,12,0.8,4.6,3780,0,0.0,0,0,9.0,0.590617284
977,2/28/2015,Quarter4,finishing,Saturday,2,0.7,3.9,960,0,0.0,0,0,8.0,0.5565625
981,2/28/2015,Quarter4,finishing,Saturday,10,0.7,2.9,3360,0,0.0,0,0,8.0,0.410833333
982,2/28/2015,Quarter4,finishing,Saturday,9,0.75,2.9,960,0,0.0,0,0,8.0,0.4078125
983,2/28/2015,Quarter4,finishing,Saturday,8,0.75,4.6,3360,0,0.0,0,0,8.0,0.376597222
984,2/28/2015,Quarter4,finishing,Saturday,6,0.75,2.9,3360,0,0.0,0,0,8.0,0.271875
985,3/1/2015,Quarter1,finishing,Sunday,3,0.8,4.6,10500,0,0.0,0,0,25.0,0.936355556
986,3/1/2015,Quarter1,finishing,Sunday,8,0.75,4.6,3360,0,0.0,0,0,8.0,0.813611111
997,3/1/2015,Quarter1,finishing,Sunday,4,0.6,3.94,960,0,0.0,0,0,8.0,0.673083333
998,3/1/2015,Quarter1,finishing,Sunday,10,0.7,2.9,3360,0,0.0,0,0,8.0,0.664583333
1000,3/1/2015,Quarter1,finishing,Sunday,2,0.7,3.9,960,0,0.0,0,0,8.0,0.585
1002,3/1/2015,Quarter1,finishing,Sunday,1,0.6,3.94,3360,0,0.0,0,0,8.0,0.448722222
1003,3/1/2015,Quarter1,finishing,Sunday,9,0.75,2.9,960,0,0.0,0,0,8.0,0.447083333
1004,3/1/2015,Quarter1,finishing,Sunday,7,0.8,4.6,3360,0,0.0,0,0,8.0,0.350416667
1005,3/2/2015,Quarter1,finishing,Monday,2,0.7,3.9,1200,0,0.0,0,0,10.0,0.92885
1006,3/2/2015,Quarter1,finishing,Monday,3,0.8,4.6,10080,0,0.0,0,0,24.0,0.86037037
1007,3/2/2015,Quarter1,finishing,Monday,4,0.65,3.94,960,0,0.0,0,0,8.0,0.806879167
1010,3/2/2015,Quarter1,finishing,Monday,9,0.75,2.9,1200,0,0.0,0,0,10.0,0.8004
1014,3/2/2015,Quarter1,finishing,Monday,8,0.75,4.6,3360,0,0.0,0,0,8.0,0.773333333
1021,3/2/2015,Quarter1,finishing,Monday,10,0.7,2.9,3360,0,0.0,0,0,8.0,0.632361111
1022,3/2/2015,Quarter1,finishing,Monday,12,0.8,4.6,3780,0,0.0,0,0,9.0,0.607654321
1023,3/2/2015,Quarter1,finishing,Monday,1,0.65,3.94,3360,0,0.0,0,0,8.0,0.537919444
1024,3/2/2015,Quarter1,finishing,Monday,7,0.8,4.6,3360,0,0.0,0,0,8.0,0.342361111
1025,3/3/2015,Quarter1,finishing,Tuesday,7,0.8,4.6,4200,0,0.0,0,0,10.0,0.999533333
1026,3/3/2015,Quarter1,finishing,Tuesday,3,0.8,4.6,6300,0,0.0,0,0,15.0,0.902962963
1036,3/3/2015,Quarter1,finishing,Tuesday,8,0.75,4.6,3360,0,0.0,0,0,8.0,0.702777778
1039,3/3/2015,Quarter1,finishing,Tuesday,12,0.8,4.6,3780,0,0.0,0,0,9.0,0.636049383
1040,3/3/2015,Quarter1,finishing,Tuesday,2,0.4,3.9,6300,0,0.0,0,0,15.0,0.567377778
1041,3/3/2015,Quarter1,finishing,Tuesday,1,0.7,3.94,3360,0,0.0,0,0,8.0,0.555430556
1042,3/3/2015,Quarter1,finishing,Tuesday,4,0.7,3.94,3360,0,0.0,0,0,8.0,0.555430556
1043,3/3/2015,Quarter1,finishing,Tuesday,10,0.7,2.9,3360,0,0.0,0,0,8.0,0.463194444
1044,3/3/2015,Quarter1,finishing,Tuesday,5,0.7,4.6,3360,0,0.0,0,0,8.0,0.354444444
1045,3/3/2015,Quarter1,finishing,Tuesday,6,0.75,2.9,3360,0,0.0,0,0,8.0,0.309333333
1047,3/4/2015,Quarter1,finishing,Wednesday,3,0.8,4.6,1200,0,0.0,0,0,10.0,0.939166667
1048,3/4/2015,Quarter1,finishing,Wednesday,8,0.8,4.6,960,0,0.0,0,0,8.0,0.930416667
1049,3/4/2015,Quarter1,finishing,Wednesday,12,0.8,4.6,1080,0,0.0,0,0,9.0,0.885925926
1050,3/4/2015,Quarter1,finishing,Wednesday,9,0.75,2.9,960,0,0.0,0,0,8.0,0.83375
1051,3/4/2015,Quarter1,finishing,Wednesday,1,0.7,3.94,960,0,0.0,0,0,8.0,0.806879167
1052,3/4/2015,Quarter1,finishing,Wednesday,4,0.7,3.94,960,0,0.0,0,0,8.0,0.806058333
1062,3/4/2015,Quarter1,finishing,Wednesday,7,0.8,4.6,8400,0,0.0,0,0,20.0,0.684888889
1063,3/4/2015,Quarter1,finishing,Wednesday,5,0.7,4.6,960,0,0.0,0,0,8.0,0.592083333
1064,3/4/2015,Quarter1,finishing,Wednesday,2,0.5,3.9,960,0,0.0,0,0,8.0,0.5403125
1068,3/5/2015,Quarter1,finishing,Thursday,8,0.8,4.6,2640,0,0.0,0,0,22.0,0.980984848
1069,3/5/2015,Quarter1,finishing,Thursday,2,0.6,3.9,960,0,0.0,0,0,8.0,0.950625
1070,3/5/2015,Quarter1,finishing,Thursday,11,0.8,2.9,1200,0,0.0,0,0,10.0,0.927291667
1071,3/5/2015,Quarter1,finishing,Thursday,12,0.8,4.6,1080,0,0.0,0,0,9.0,0.868888889
1072,3/5/2015,Quarter1,finishing,Thursday,1,0.7,3.94,960,0,0.0,0,0,8.0,0.812625
1073,3/5/2015,Quarter1,finishing,Thursday,4,0.7,3.94,960,0,0.0,0,0,8.0,0.812625
1074,3/5/2015,Quarter1,finishing,Thursday,3,0.8,4.6,1800,0,0.0,0,0,15.0,0.810111111
1084,3/5/2015,Quarter1,finishing,Thursday,9,0.75,2.9,960,0,0.0,0,0,8.0,0.453125
1087,3/7/2015,Quarter1,finishing,Saturday,12,0.8,4.6,1080,0,0.0,0,0,9.0,0.868888889
1090,3/7/2015,Quarter1,finishing,Saturday,7,0.8,4.6,6000,0,0.0,0,0,25.0,0.825444444
1091,3/7/2015,Quarter1,finishing,Saturday,5,0.35,3.94,2400,0,0.0,0,0,10.0,0.80575
1095,3/7/2015,Quarter1,finishing,Saturday,6,0.5,2.9,960,0,0.0,0,0,8.0,0.7975
1098,3/7/2015,Quarter1,finishing,Saturday,1,0.7,3.94,960,0,0.0,0,0,8.0,0.664875
1099,3/7/2015,Quarter1,finishing,Saturday,4,0.7,3.94,960,0,0.0,0,0,8.0,0.664875
1100,3/7/2015,Quarter1,finishing,Saturday,11,0.8,2.9,960,0,0.0,0,0,8.0,0.657083333
1102,3/7/2015,Quarter1,finishing,Saturday,8,0.8,4.6,3600,0,0.0,0,0,15.0,0.590740741
1103,3/7/2015,Quarter1,finishing,Saturday,2,0.65,3.9,1920,0,0.0,0,0,8.0,0.528125
1106,3/8/2015,Quarter2,finishing,Sunday,3,0.8,4.6,1440,0,0.0,0,0,12.0,0.951944444
1107,3/8/2015,Quarter2,finishing,Sunday,12,0.8,4.6,1080,0,0.0,0,0,9.0,0.945555556
1108,3/8/2015,Quarter2,finishing,Sunday,9,0.75,2.9,1080,0,0.0,0,0,9.0,0.929074074
1109,3/8/2015,Quarter2,finishing,Sunday,1,0.75,3.94,960,0,0.0,0,0,8.0,0.890604167
1110,3/8/2015,Quarter2,finishing,Sunday,4,0.75,3.94,960,0,0.0,0,0,8.0,0.890604167
1111,3/8/2015,Quarter2,finishing,Sunday,2,0.7,3.9,1200,0,0.0,0,0,10.0,0.884
1112,3/8/2015,Quarter2,finishing,Sunday,5,0.5,3.94,960,0,0.0,0,0,8.0,0.857916667
1118,3/8/2015,Quarter2,finishing,Sunday,11,0.8,2.9,960,0,0.0,0,0,8.0,0.755208333
1125,3/8/2015,Quarter2,finishing,Sunday,8,0.6,3.9,960,0,0.0,0,0,8.0,0.4509375
1126,3/8/2015,Quarter2,finishing,Sunday,10,0.7,2.9,960,0,0.0,0,0,8.0,0.441041667
1127,3/8/2015,Quarter2,finishing,Sunday,6,0.6,2.9,960,0,0.0,0,0,8.0,0.271875
1128,3/9/2015,Quarter2,finishing,Monday,11,0.8,2.9,0,960,0.0,0,0,8.0,0.960625
1129,3/9/2015,Quarter2,finishing,Monday,12,0.8,4.6,0,1080,0.0,0,0,9.0,0.902962963
1130,3/9/2015,Quarter2,finishing,Monday,5,0.6,3.94,0,2880,0.0,0,0,12.0,0.864342593
1133,3/9/2015,Quarter2,finishing,Monday,9,0.75,2.9,0,3600,0.0,0,0,15.0,0.841
1137,3/9/2015,Quarter2,finishing,Monday,3,0.8,4.6,0,1440,0.0,0,0,12.0,0.795416667
1138,3/9/2015,Quarter2,finishing,Monday,4,0.75,3.94,0,960,0.0,0,0,8.0,0.7953875
1139,3/9/2015,Quarter2,finishing,Monday,1,0.75,3.94,0,960,0.0,0,0,8.0,0.794566667
1143,3/9/2015,Quarter2,finishing,Monday,2,0.7,3.9,0,1200,0.0,0,0,10.0,0.6825
1148,3/9/2015,Quarter2,finishing,Monday,10,0.7,2.9,0,960,0.0,0,0,8.0,0.477291667
1149,3/9/2015,Quarter2,finishing,Monday,8,0.65,3.9,0,960,0.0,0,0,8.0,0.2640625
1150,3/10/2015,Quarter2,finishing,Tuesday,12,0.8,4.6,1080,0,0.0,0,0,9.0,0.92
1151,3/10/2015,Quarter2,finishing,Tuesday,5,0.6,3.94,1440,0,0.0,0,0,12.0,0.909391667
1153,3/10/2015,Quarter2,finishing,Tuesday,3,0.8,4.6,1440,0,0.0,0,0,12.0,0.894444444
1154,3/10/2015,Quarter2,finishing,Tuesday,4,0.75,3.94,960,0,0.0,0,0,8.0,0.881575
1155,3/10/2015,Quarter2,finishing,Tuesday,1,0.75,3.94,960,0,0.0,0,0,8.0,0.880754167
1157,3/10/2015,Quarter2,finishing,Tuesday,9,0.75,2.9,1800,0,0.0,0,0,15.0,0.821666667
1161,3/10/2015,Quarter2,finishing,Tuesday,11,0.8,2.9,960,0,0.0,0,0,8.0,0.758229167
1164,3/10/2015,Quarter2,finishing,Tuesday,2,0.7,3.9,960,0,0.0,0,0,8.0,0.741
1170,3/10/2015,Quarter2,finishing,Tuesday,8,0.65,3.9,960,0,0.0,0,0,8.0,0.560625
1171,3/10/2015,Quarter2,finishing,Tuesday,7,0.5,3.9,960,0,0.0,0,0,8.0,0.560625
1172,3/10/2015,Quarter2,finishing,Tuesday,10,0.7,2.9,960,0,0.0,0,0,8.0,0.39875
1173,3/11/2015,Quarter2,finishing,Wednesday,12,0.8,4.6,2160,0,0.0,0,0,9.0,0.922839506
1174,3/11/2015,Quarter2,finishing,Wednesday,11,0.8,2.9,2400,0,0.0,0,0,10.0,0.874027778
1175,3/11/2015,Quarter2,finishing,Wednesday,2,0.75,3.9,1920,0,0.0,0,0,8.0,0.819270833
1176,3/11/2015,Quarter2,finishing,Wednesday,4,0.75,3.94,1920,0,0.0,0,0,8.0,0.813309028
1177,3/11/2015,Quarter2,finishing,Wednesday,1,0.75,3.94,1920,0,0.0,0,0,8.0,0.812625
1181,3/11/2015,Quarter2,finishing,Wednesday,3,0.8,4.6,1920,0,0.0,0,0,8.0,0.786631944
1182,3/11/2015,Quarter2,finishing,Wednesday,5,0.7,3.94,1440,0,0.0,0,0,12.0,0.75885
1192,3/11/2015,Quarter2,finishing,Wednesday,10,0.75,2.9,960,0,0.0,0,0,8.0,0.628333333
1193,3/11/2015,Quarter2,finishing,Wednesday,8,0.7,3.9,960,0,0.0,0,0,8.0,0.625625
1194,3/11/2015,Quarter2,finishing,Wednesday,7,0.65,3.9,960,0,0.0,0,0,8.0,0.625625
1195,3/11/2015,Quarter2,finishing,Wednesday,9,0.75,2.9,1800,0,0.0,0,0,15.0,0.505888889
1196,3/11/2015,Quarter2,finishing,Wednesday,6,0.7,2.9,720,0,0.0,0,0,6.0,0.394722222
